# condition_6 evaluation results
# Format: x y z distance
# Total data points: 300
#
0.212220 0.749214 0.328392 0.067635
-0.109725 0.946240 0.604779 0.073696
0.540022 1.061082 0.110890 0.046780
0.164994 0.873573 0.573797 0.055560
0.421478 1.481313 0.354122 0.023341
0.228269 1.573706 0.463732 0.045062
0.499558 1.378873 0.261728 0.034611
-0.277113 1.646050 0.386373 0.056671
-0.294486 1.407081 0.556515 0.047726
-0.504410 1.505616 0.194194 0.207017
0.024446 1.436783 0.593542 0.043126
-0.059432 1.167180 0.619281 0.014335
0.260206 1.303196 -0.164857 0.037159
0.192223 0.975824 0.027143 0.036482
0.345144 1.183257 0.273963 0.036267
0.199650 1.337762 0.354018 0.043639
-0.044646 1.621371 0.237357 0.035675
0.011287 1.407175 0.383624 0.042579
-0.266359 1.289784 0.346479 0.063292
0.043289 1.648292 0.576713 0.082357
0.070522 1.261603 0.727492 0.069745
0.253982 1.615246 0.229816 0.069405
-0.347096 1.785867 0.225488 0.048670
-0.259151 1.577873 0.535689 0.033693
0.149527 1.196716 0.631234 0.054400
0.511111 1.289379 0.125321 0.037760
0.220958 0.968793 0.440602 0.023062
0.079139 1.698419 -0.073421 0.052548
0.390530 1.054136 0.034803 0.023144
0.045353 1.741362 0.148665 0.022435
-0.356155 1.560769 0.186127 0.110570
-0.162976 1.490827 0.461412 0.038513
0.433712 1.048496 -0.181298 0.053466
0.349362 1.221966 -0.294730 0.048946
-0.042822 1.814408 -0.001532 0.022024
0.104140 1.723590 0.289046 0.284563
-0.450169 0.996334 0.397417 0.049736
-0.279292 1.245958 0.626207 0.024924
-0.143781 1.324534 0.573217 0.029785
-0.121824 1.613285 0.380101 0.017781
0.110926 1.594587 0.179855 0.062908
-0.357698 1.153087 0.113438 0.270747
0.205529 1.158623 0.184053 0.024388
0.491042 1.089041 0.500602 0.028538
-0.226553 1.419731 0.710554 0.022757
0.083896 1.832052 0.410043 0.047996
0.238712 1.303033 0.677972 0.032999
-0.569717 1.320178 0.449382 0.049323
-0.558709 1.098137 0.386246 0.048234
0.399152 1.433195 0.025560 0.046115
0.145131 1.389435 -0.332437 0.046407
0.342129 1.466439 0.230911 0.052717
0.019197 0.774324 0.376067 0.030729
0.164783 0.883145 0.333689 0.028150
0.155040 1.209156 0.494754 0.037596
0.298336 1.292138 0.205913 0.021073
0.506954 1.016118 -0.056279 0.071425
-0.405889 0.781436 0.286755 0.032675
0.373951 1.560711 0.460261 0.042237
0.352140 0.874899 0.367783 0.039085
-0.340802 1.681277 0.028582 0.047486
0.176768 1.154461 0.345447 0.028554
-0.094713 1.494114 0.661665 0.065304
-0.199972 1.777862 0.420222 0.064156
-0.295971 0.772542 -0.063798 0.036125
-0.526313 1.030567 0.149697 0.056234
0.300415 0.824469 0.210606 0.030117
0.370675 1.160631 0.428320 0.025112
0.139178 1.471435 0.452091 0.012451
-0.270109 0.957764 0.140052 0.186637
0.202637 1.418646 0.088910 0.033348
-0.210499 0.709626 0.158759 0.043794
0.467907 1.099715 0.313661 0.029270
-0.101350 1.271504 0.695968 0.011401
-0.505593 1.181111 0.482918 0.047438
-0.398762 1.550965 0.387882 0.049257
0.221501 1.376024 0.522924 0.045289
-0.216039 1.593359 0.082091 0.045282
0.104924 1.056469 0.709272 0.046409
0.173282 1.511089 0.627413 0.065418
-0.629033 1.368726 -0.068177 0.335469
0.235067 1.709419 0.048535 0.124615
0.422728 1.461487 -0.154256 0.050131
-0.219059 1.197007 0.509653 0.037878
-0.241905 0.975177 0.508803 0.038657
0.078340 0.967310 0.453602 0.038924
0.039109 1.322953 0.498784 0.010794
-0.219243 1.731242 0.268824 0.108696
0.232855 1.595341 -0.063198 0.050343
0.153549 1.488018 -0.174213 0.021234
-0.026897 1.505504 -0.118610 0.026570
-0.035228 1.182709 0.429601 0.038287
0.097679 1.418905 0.220871 0.029873
-0.371815 0.959114 0.578285 0.040120
-0.640716 1.362180 0.248181 0.075022
-0.161243 1.846231 0.158872 0.046822
0.503843 1.163596 0.194388 0.034352
-0.509319 0.892885 0.147384 0.051238
-0.140201 0.659052 0.347706 0.033268
0.468206 0.969487 0.238598 0.032883
-0.326258 0.880713 0.383316 0.026278
-0.530340 1.239982 0.317703 0.099425
-0.084109 0.813633 0.213405 0.033083
0.130841 1.524881 0.324623 0.008370
0.041854 1.605887 0.028066 0.064787
-0.068600 1.533942 0.090587 0.044780
-0.200835 1.382795 0.173017 0.065893
-0.091675 1.880369 0.312265 0.047813
-0.205700 1.098515 0.695352 0.051408
0.222845 0.873729 -0.088817 0.038837
-0.207777 0.795366 0.366194 0.025973
-0.006447 0.696181 0.205621 0.038858
0.349031 1.008542 0.410877 0.012379
0.304465 1.446374 0.428690 0.029782
-0.460350 1.268981 0.080978 0.263042
-0.457448 1.289716 0.560314 0.042252
-0.040644 1.758511 0.444308 0.266906
-0.269284 1.831676 0.051565 0.046268
0.384716 1.196484 0.100611 0.039367
0.369005 1.317142 -0.041841 0.038292
-0.304892 1.136208 0.415024 0.049265
-0.435707 1.769699 0.072707 0.048467
0.511258 1.221339 -0.002047 0.045993
-0.382634 0.668742 0.131559 0.045909
0.386717 1.306346 0.363701 0.024862
0.399909 1.273180 0.534623 0.089093
0.445504 1.655094 -0.028152 0.101872
-0.084768 0.906834 -0.200285 0.020642
-0.290737 1.471346 0.011610 0.151653
-0.148956 1.379693 0.332989 0.049463
-0.231808 1.081723 0.285133 0.049841
0.286596 1.207280 -0.058990 0.018760
0.297138 1.451972 0.630830 0.033750
0.409581 1.287402 -0.190002 0.045241
-0.529108 1.583373 0.022135 0.242854
0.204838 1.346636 -0.025493 0.024138
0.237906 1.013926 0.601995 0.052177
-0.413064 1.677070 0.338568 0.052145
-0.370611 1.223541 0.245478 0.156635
0.318411 0.912492 0.559489 0.022738
-0.070024 1.475697 0.256371 0.041378
-0.260827 0.806330 0.494298 0.027033
-0.111663 1.007251 0.386105 0.038653
0.349176 0.820955 -0.036181 0.042360
-0.099768 1.651575 0.543540 0.026853
-0.196401 1.532520 -0.177668 0.015621
0.222699 1.161851 -0.402165 0.051769
-0.365129 1.129716 0.636388 0.030960
-0.143634 0.662986 0.040047 0.039023
0.048255 1.225377 -0.129829 0.041571
0.411030 1.626434 0.239348 0.066573
0.262797 0.983178 0.212092 0.029984
0.008326 1.548837 0.439162 0.007630
0.159704 1.815401 -0.044777 0.243780
-0.537540 1.679815 0.200173 0.071921
-0.010626 0.600290 0.308025 0.033488
-0.563470 1.462273 0.412008 0.045892
-0.401907 1.530942 0.544389 0.060563
-0.391811 1.366334 0.379723 0.118277
-0.033930 0.773695 0.572588 0.020872
0.203131 1.842386 0.101941 0.047972
0.297613 1.155201 0.578407 0.095658
-0.095126 1.346881 -0.110976 0.056055
-0.618219 1.336188 0.110819 0.192254
-0.475575 1.122643 0.266245 0.126264
0.330027 1.536133 0.098975 0.074007
0.516465 1.379292 -0.068130 0.047327
-0.365999 1.244778 -0.104753 0.258596
0.294927 1.537801 -0.236048 0.087016
-0.367790 1.574266 -0.304977 0.489390
0.559325 1.260446 0.361024 0.024832
-0.213385 1.518185 0.294163 0.049249
0.470439 1.522400 0.117848 0.239820
0.123362 1.013527 -0.212316 0.029302
-0.413429 1.385887 0.003843 0.395084
-0.396629 1.635088 -0.118538 0.043399
0.124270 0.626285 0.258072 0.029074
-0.487268 1.022109 -0.070540 0.049779
-0.126718 1.712091 0.140975 0.096112
0.210553 1.257704 0.085964 0.021248
0.490479 0.889779 0.088661 0.033172
-0.231994 0.836704 0.626070 0.063682
0.158230 1.710774 0.445885 0.096054
-0.164411 1.761223 -0.035171 0.017266
0.041984 1.054794 0.587588 0.045607
-0.036279 1.212813 -0.317014 0.070703
0.338805 1.793037 0.210371 0.047705
-0.497952 0.888656 0.291645 0.036332
0.057029 0.888788 0.202946 0.028543
-0.053524 1.045233 0.712260 0.028997
-0.306129 1.408486 0.259491 0.159903
0.257121 0.661099 0.138430 0.033525
0.247572 1.164980 -0.215217 0.039872
-0.032571 1.882870 0.136206 0.047616
0.250171 0.806968 0.487018 0.075923
-0.435899 0.833970 0.003648 0.039302
-0.324918 1.346037 0.133888 0.376620
0.292259 1.448245 -0.073144 0.039344
-0.592645 1.568677 0.298880 0.083876
0.099652 1.250758 -0.390021 0.065279
-0.439195 1.058787 -0.285598 0.301648
0.115798 1.452980 -0.010730 0.046127
-0.013722 1.376013 0.708262 0.049307
-0.302679 0.861620 0.243808 0.040204
-0.027155 1.124753 -0.190884 0.049332
-0.365821 1.678375 0.483143 0.053618
0.313331 1.051192 -0.263225 0.042012
0.135919 0.738883 0.459067 0.031574
-0.187065 0.994036 -0.147814 0.049875
-0.069182 1.126947 0.306184 0.045635
0.167282 1.109916 -0.037686 0.040678
-0.498794 0.899987 0.497945 0.037819
-0.299630 0.788077 0.090887 0.040722
0.070926 1.876686 0.266270 0.048638
-0.665036 1.102391 0.232954 0.048817
-0.591046 1.189219 0.120110 0.103720
0.120649 0.775292 0.096224 0.022939
-0.144115 1.520137 -0.020873 0.028712
0.093969 1.356003 -0.202484 0.018904
-0.045709 1.487649 -0.272296 0.037319
-0.162629 0.990841 -0.318947 0.110699
-0.151543 0.805461 -0.009112 0.021077
-0.214299 1.014433 -0.012214 0.049672
0.416437 0.782899 0.284820 0.021467
0.131812 1.037693 0.212313 0.013025
0.257738 1.090253 0.065933 0.041262
-0.172609 1.385001 0.030508 0.129631
0.041298 0.971468 0.308819 0.025615
0.046112 0.849654 0.658394 0.038348
-0.220294 1.680351 -0.173997 0.051966
-0.474497 1.038467 0.526701 0.035556
-0.475866 0.858767 -0.182457 0.050606
0.458842 1.665077 0.116110 0.049460
-0.341561 1.100761 -0.087487 0.167173
0.041408 1.562767 0.691895 0.043749
-0.269340 1.106504 -0.376248 0.213944
0.171861 1.619501 -0.201771 0.059470
0.282419 1.400007 -0.262388 0.047670
0.082612 1.182072 -0.254400 0.046777
0.180117 1.719761 0.177222 0.054155
0.442508 1.426097 0.483705 0.096758
0.303026 0.985256 -0.079664 0.014014
-0.628334 1.477602 0.118665 0.251769
-0.255717 1.389070 -0.137838 0.124629
-0.061076 1.635308 -0.088907 0.029448
-0.042971 1.341345 -0.253696 0.044217
-0.081864 1.740907 0.294133 0.113425
-0.478764 1.154605 -0.002988 0.179733
0.096333 1.271438 0.242030 0.034994
0.369624 1.042577 0.547996 0.060455
-0.380688 1.442345 -0.117941 0.417898
-0.422419 1.508046 0.072246 0.247003
0.319246 1.582837 0.582152 0.046572
0.491934 0.934784 0.391829 0.035394
-0.235742 1.269961 -0.007250 0.257643
-0.695728 1.104935 0.089188 0.049693
0.281518 0.918932 -0.239961 0.041742
-0.504958 1.341317 0.189949 0.189551
-0.105902 0.863550 0.477313 0.040021
0.415550 0.775200 0.137852 0.024670
-0.299391 0.682435 0.289571 0.026136
-0.222015 1.204411 0.139915 0.177463
-0.246370 0.792798 -0.221616 0.107518
0.200812 1.574471 0.077832 0.042563
0.231820 1.772269 0.334741 0.116938
0.071861 1.260181 0.383626 0.069027
0.550948 1.522308 0.227415 0.044172
0.366015 1.658678 -0.137979 0.111829
-0.143238 1.069674 0.551282 0.037407
0.122097 1.334744 0.612771 0.054915
-0.400324 1.011303 0.086632 0.130329
-0.145000 0.907277 0.110410 0.042121
0.588973 1.416835 0.145093 0.045272
-0.596534 1.201083 -0.074929 0.141879
-0.123296 0.947817 0.261780 0.041006
-0.179441 0.692456 0.476647 0.037502
0.287625 1.270601 0.455162 0.030627
-0.573409 0.893404 0.013450 0.049041
0.366033 0.954815 0.128335 0.048406
-0.162318 1.338707 -0.335687 0.112050
0.446769 1.172833 -0.115731 0.021706
0.093741 1.140750 0.107275 0.040522
-0.154868 0.652794 -0.100075 0.040926
0.036087 1.047795 -0.337513 0.053496
-0.385235 1.363096 0.649951 0.033245
-0.416437 1.246916 -0.331144 0.337170
-0.493456 1.290899 -0.175099 0.233009
0.337034 1.748623 -0.037819 0.099321
-0.330009 1.329132 -0.251435 0.278719
-0.068802 1.352107 0.167858 0.046345
-0.314169 0.946725 -0.106247 0.109898
-0.162779 1.204914 0.365379 0.044933
0.052100 1.088498 0.382678 0.030946
-0.598743 0.972000 0.356726 0.044304
-0.591852 1.070656 0.009045 0.049517
-0.283329 0.914346 -0.303244 0.192859
0.201931 1.269577 -0.298448 0.047517
-0.392175 1.007774 0.253898 0.128895
0.342429 1.661175 0.365570 0.117983
-0.292333 1.463073 0.404346 0.049884
