# condition_8 evaluation results
# Format: x y z distance
# Total data points: 297
#
0.212220 0.749214 0.328392 0.069122
0.499558 1.378873 0.261728 0.045248
-0.109725 0.946240 0.604779 0.070105
0.164994 0.873573 0.573797 0.025448
0.540022 1.061082 0.110890 0.033689
0.421478 1.481313 0.354122 0.044356
0.228269 1.573706 0.463732 0.035584
-0.277113 1.646050 0.386373 0.101665
-0.294486 1.407081 0.556515 0.044061
-0.504410 1.505616 0.194194 0.144915
0.024446 1.436783 0.593542 0.022488
-0.059432 1.167180 0.619281 0.023622
0.260206 1.303196 -0.164857 0.036296
0.192223 0.975824 0.027143 0.042850
0.345144 1.183257 0.273963 0.026146
0.199650 1.337762 0.354018 0.038704
-0.044646 1.621371 0.237357 0.057887
0.011287 1.407175 0.383624 0.041909
-0.266359 1.289784 0.346479 0.053465
0.070522 1.261603 0.727492 0.035964
0.043289 1.648292 0.576713 0.062702
-0.347096 1.785867 0.225488 0.047902
-0.259151 1.577873 0.535689 0.110920
0.149527 1.196716 0.631234 0.049833
0.220958 0.968793 0.440602 0.025949
0.253982 1.615246 0.229816 0.095805
0.079139 1.698419 -0.073421 0.015316
0.390530 1.054136 0.034803 0.045533
0.045353 1.741362 0.148665 0.049469
-0.356155 1.560769 0.186127 0.092560
-0.162976 1.490827 0.461412 0.050783
0.433712 1.048496 -0.181298 0.044116
-0.042822 1.814408 -0.001532 0.030953
0.104140 1.723590 0.289046 0.354158
-0.450169 0.996334 0.397417 0.049248
-0.279292 1.245958 0.626207 0.051885
-0.143781 1.324534 0.573217 0.034376
-0.121824 1.613285 0.380101 0.088586
0.110926 1.594587 0.179855 0.036464
-0.357698 1.153087 0.113438 0.268982
0.205529 1.158623 0.184053 0.032673
-0.270109 0.957764 0.140052 0.180315
0.491042 1.089041 0.500602 0.055782
-0.226553 1.419731 0.710554 0.063124
0.139178 1.471435 0.452091 0.038100
0.083896 1.832052 0.410043 0.047177
0.238712 1.303033 0.677972 0.058698
-0.569717 1.320178 0.449382 0.045442
-0.558709 1.098137 0.386246 0.048696
0.399152 1.433195 0.025560 0.192533
0.145131 1.389435 -0.332437 0.044699
0.342129 1.466439 0.230911 0.040008
0.506954 1.016118 -0.056279 0.063672
0.019197 0.774324 0.376067 0.037064
-0.405889 0.781436 0.286755 0.034665
0.164783 0.883145 0.333689 0.016960
-0.199972 1.777862 0.420222 0.034431
0.155040 1.209156 0.494754 0.025436
0.373951 1.560711 0.460261 0.051798
0.352140 0.874899 0.367783 0.047426
-0.340802 1.681277 0.028582 0.029175
0.176768 1.154461 0.345447 0.044455
0.298336 1.292138 0.205913 0.041964
-0.094713 1.494114 0.661665 0.051063
-0.295971 0.772542 -0.063798 0.038249
-0.526313 1.030567 0.149697 0.055971
0.300415 0.824469 0.210606 0.042280
0.370675 1.160631 0.428320 0.040822
0.202637 1.418646 0.088910 0.040115
-0.210499 0.709626 0.158759 0.047979
0.467907 1.099715 0.313661 0.024957
-0.101350 1.271504 0.695968 0.066280
-0.505593 1.181111 0.482918 0.045945
-0.398762 1.550965 0.387882 0.048519
0.221501 1.376024 0.522924 0.051681
-0.216039 1.593359 0.082091 0.046258
0.104924 1.056469 0.709272 0.030346
0.173282 1.511089 0.627413 0.073363
-0.629033 1.368726 -0.068177 0.326244
0.235067 1.709419 0.048535 0.215981
0.422728 1.461487 -0.154256 0.046073
-0.219059 1.197007 0.509653 0.040290
-0.241905 0.975177 0.508803 0.029385
0.078340 0.967310 0.453602 0.031602
0.039109 1.322953 0.498784 0.031562
-0.219243 1.731242 0.268824 0.047708
0.232855 1.595341 -0.063198 0.130824
0.153549 1.488018 -0.174213 0.045159
-0.026897 1.505504 -0.118610 0.024754
-0.035228 1.182709 0.429601 0.038787
0.097679 1.418905 0.220871 0.019149
-0.371815 0.959114 0.578285 0.037686
-0.640716 1.362180 0.248181 0.090025
-0.161243 1.846231 0.158872 0.044445
0.503843 1.163596 0.194388 0.046951
-0.509319 0.892885 0.147384 0.047326
-0.140201 0.659052 0.347706 0.029514
0.468206 0.969487 0.238598 0.045984
-0.530340 1.239982 0.317703 0.091534
-0.326258 0.880713 0.383316 0.033746
-0.084109 0.813633 0.213405 0.042572
0.130841 1.524881 0.324623 0.055860
0.041854 1.605887 0.028066 0.038237
-0.068600 1.533942 0.090587 0.041566
-0.200835 1.382795 0.173017 0.049241
-0.091675 1.880369 0.312265 0.048169
-0.205700 1.098515 0.695352 0.052628
-0.207777 0.795366 0.366194 0.018150
-0.006447 0.696181 0.205621 0.039470
0.349031 1.008542 0.410877 0.032656
0.304465 1.446374 0.428690 0.022698
-0.460350 1.268981 0.080978 0.266240
-0.457448 1.289716 0.560314 0.036009
-0.040644 1.758511 0.444308 0.231688
-0.269284 1.831676 0.051565 0.045455
0.222845 0.873729 -0.088817 0.038840
0.384716 1.196484 0.100611 0.047177
0.369005 1.317142 -0.041841 0.027741
-0.304892 1.136208 0.415024 0.049047
-0.435707 1.769699 0.072707 0.051332
0.511258 1.221339 -0.002047 0.031835
-0.382634 0.668742 0.131559 0.037346
0.386717 1.306346 0.363701 0.024352
0.399909 1.273180 0.534623 0.020689
0.445504 1.655094 -0.028152 0.064027
-0.084768 0.906834 -0.200285 0.033947
-0.290737 1.471346 0.011610 0.370529
-0.148956 1.379693 0.332989 0.048694
-0.231808 1.081723 0.285133 0.050023
0.286596 1.207280 -0.058990 0.044640
0.297138 1.451972 0.630830 0.054406
0.409581 1.287402 -0.190002 0.037096
-0.529108 1.583373 0.022135 0.180722
0.204838 1.346636 -0.025493 0.036565
0.237906 1.013926 0.601995 0.060797
-0.413064 1.677070 0.338568 0.047737
-0.370611 1.223541 0.245478 0.256845
0.318411 0.912492 0.559489 0.026816
-0.070024 1.475697 0.256371 0.034506
-0.260827 0.806330 0.494298 0.043417
-0.365129 1.129716 0.636388 0.036983
-0.111663 1.007251 0.386105 0.033315
0.349176 0.820955 -0.036181 0.031091
-0.099768 1.651575 0.543540 0.127820
-0.196401 1.532520 -0.177668 0.014534
0.222699 1.161851 -0.402165 0.049482
-0.143634 0.662986 0.040047 0.044982
0.048255 1.225377 -0.129829 0.037655
0.411030 1.626434 0.239348 0.136902
0.262797 0.983178 0.212092 0.027797
0.008326 1.548837 0.439162 0.019239
-0.537540 1.679815 0.200173 0.063377
-0.010626 0.600290 0.308025 0.032005
-0.563470 1.462273 0.412008 0.049309
-0.401907 1.530942 0.544389 0.089000
-0.391811 1.366334 0.379723 0.108973
-0.033930 0.773695 0.572588 0.039896
0.203131 1.842386 0.101941 0.046568
0.297613 1.155201 0.578407 0.012226
-0.095126 1.346881 -0.110976 0.043464
0.342429 1.661175 0.365570 0.100434
-0.618219 1.336188 0.110819 0.195470
-0.475575 1.122643 0.266245 0.118943
0.330027 1.536133 0.098975 0.198614
0.516465 1.379292 -0.068130 0.045956
0.294927 1.537801 -0.236048 0.040181
-0.367790 1.574266 -0.304977 0.488159
0.559325 1.260446 0.361024 0.062140
-0.213385 1.518185 0.294163 0.048104
0.470439 1.522400 0.117848 0.129706
0.123362 1.013527 -0.212316 0.029536
-0.413429 1.385887 0.003843 0.387770
0.124270 0.626285 0.258072 0.041430
-0.487268 1.022109 -0.070540 0.049419
-0.126718 1.712091 0.140975 0.045488
0.210553 1.257704 0.085964 0.022213
-0.396629 1.635088 -0.118538 0.538156
-0.231994 0.836704 0.626070 0.011937
0.158230 1.710774 0.445885 0.307149
-0.164411 1.761223 -0.035171 0.039470
0.041984 1.054794 0.587588 0.047460
-0.036279 1.212813 -0.317014 0.068713
-0.365999 1.244778 -0.104753 0.254631
0.490479 0.889779 0.088661 0.027974
-0.497952 0.888656 0.291645 0.041746
0.247572 1.164980 -0.215217 0.039553
0.057029 0.888788 0.202946 0.032036
-0.053524 1.045233 0.712260 0.071707
-0.306129 1.408486 0.259491 0.143866
0.257121 0.661099 0.138430 0.049369
-0.032571 1.882870 0.136206 0.046160
0.250171 0.806968 0.487018 0.053283
-0.435899 0.833970 0.003648 0.048811
-0.324918 1.346037 0.133888 0.374853
0.292259 1.448245 -0.073144 0.101427
-0.592645 1.568677 0.298880 0.075447
-0.439195 1.058787 -0.285598 0.049482
0.115798 1.452980 -0.010730 0.045085
-0.013722 1.376013 0.708262 0.050468
-0.302679 0.861620 0.243808 0.077414
-0.027155 1.124753 -0.190884 0.040409
-0.365821 1.678375 0.483143 0.038674
0.313331 1.051192 -0.263225 0.037219
0.135919 0.738883 0.459067 0.043974
-0.187065 0.994036 -0.147814 0.049763
-0.069182 1.126947 0.306184 0.045776
0.167282 1.109916 -0.037686 0.028987
-0.498794 0.899987 0.497945 0.032873
-0.299630 0.788077 0.090887 0.049515
0.070926 1.876686 0.266270 0.049580
-0.665036 1.102391 0.232954 0.048501
-0.591046 1.189219 0.120110 0.108712
0.120649 0.775292 0.096224 0.012492
0.093969 1.356003 -0.202484 0.025504
-0.144115 1.520137 -0.020873 0.039726
-0.045709 1.487649 -0.272296 0.045093
-0.162629 0.990841 -0.318947 0.127339
-0.151543 0.805461 -0.009112 0.034225
-0.214299 1.014433 -0.012214 0.077016
0.416437 0.782899 0.284820 0.023986
0.131812 1.037693 0.212313 0.020617
0.257738 1.090253 0.065933 0.041563
-0.172609 1.385001 0.030508 0.106688
0.041298 0.971468 0.308819 0.033232
0.046112 0.849654 0.658394 0.029091
-0.220294 1.680351 -0.173997 0.062515
-0.474497 1.038467 0.526701 0.041326
-0.475866 0.858767 -0.182457 0.050098
0.458842 1.665077 0.116110 0.047038
-0.341561 1.100761 -0.087487 0.184257
0.041408 1.562767 0.691895 0.043944
-0.269340 1.106504 -0.376248 0.265563
0.171861 1.619501 -0.201771 0.040820
0.082612 1.182072 -0.254400 0.040737
0.442508 1.426097 0.483705 0.039928
0.303026 0.985256 -0.079664 0.035093
-0.628334 1.477602 0.118665 0.251157
-0.255717 1.389070 -0.137838 0.243990
-0.061076 1.635308 -0.088907 0.016109
-0.042971 1.341345 -0.253696 0.042587
-0.081864 1.740907 0.294133 0.367342
-0.478764 1.154605 -0.002988 0.163552
0.096333 1.271438 0.242030 0.035892
-0.380688 1.442345 -0.117941 0.369913
-0.422419 1.508046 0.072246 0.227813
0.491934 0.934784 0.391829 0.038676
-0.235742 1.269961 -0.007250 0.255889
0.369624 1.042577 0.547996 0.036638
-0.695728 1.104935 0.089188 0.065036
0.281518 0.918932 -0.239961 0.048622
-0.504958 1.341317 0.189949 0.194548
-0.105902 0.863550 0.477313 0.032696
-0.392175 1.007774 0.253898 0.129293
0.415550 0.775200 0.137852 0.083509
0.319246 1.582837 0.582152 0.046377
-0.299391 0.682435 0.289571 0.057351
-0.222015 1.204411 0.139915 0.156075
-0.246370 0.792798 -0.221616 0.049243
0.231820 1.772269 0.334741 0.074325
0.071861 1.260181 0.383626 0.027864
0.550948 1.522308 0.227415 0.047281
0.366015 1.658678 -0.137979 0.163741
-0.143238 1.069674 0.551282 0.025081
0.122097 1.334744 0.612771 0.051981
-0.400324 1.011303 0.086632 0.129496
-0.145000 0.907277 0.110410 0.042841
0.588973 1.416835 0.145093 0.052078
-0.596534 1.201083 -0.074929 0.147908
-0.123296 0.947817 0.261780 0.031327
-0.292333 1.463073 0.404346 0.049479
-0.179441 0.692456 0.476647 0.055979
0.287625 1.270601 0.455162 0.045591
-0.573409 0.893404 0.013450 0.076915
0.366033 0.954815 0.128335 0.044848
-0.162318 1.338707 -0.335687 0.226459
0.446769 1.172833 -0.115731 0.025782
0.093741 1.140750 0.107275 0.042386
-0.154868 0.652794 -0.100075 0.045469
0.036087 1.047795 -0.337513 0.051478
-0.385235 1.363096 0.649951 0.038384
-0.416437 1.246916 -0.331144 0.336230
-0.493456 1.290899 -0.175099 0.238177
0.337034 1.748623 -0.037819 0.102909
-0.068802 1.352107 0.167858 0.045735
-0.330009 1.329132 -0.251435 0.272319
-0.314169 0.946725 -0.106247 0.048870
-0.162779 1.204914 0.365379 0.046144
0.052100 1.088498 0.382678 0.036612
-0.598743 0.972000 0.356726 0.020502
-0.591852 1.070656 0.009045 0.049737
-0.283329 0.914346 -0.303244 0.186002
0.201931 1.269577 -0.298448 0.046252
0.511111 1.289379 0.125321 0.043202
0.180117 1.719761 0.177222 0.041257
0.349362 1.221966 -0.294730 0.048696
0.099652 1.250758 -0.390021 0.066427
0.159704 1.815401 -0.044777 0.049650
