# condition_12 evaluation results
# Format: x y z distance
# Total data points: 300
#
0.212220 0.749214 0.328392 0.014276
-0.109725 0.946240 0.604779 0.020065
-0.277113 1.646050 0.386373 0.067608
0.499558 1.378873 0.261728 0.102401
-0.294486 1.407081 0.556515 0.049594
-0.504410 1.505616 0.194194 0.187907
0.024446 1.436783 0.593542 0.164795
-0.059432 1.167180 0.619281 0.023124
0.192223 0.975824 0.027143 0.019797
0.345144 1.183257 0.273963 0.030875
-0.044646 1.621371 0.237357 0.134115
-0.266359 1.289784 0.346479 0.063269
-0.347096 1.785867 0.225488 0.039013
-0.259151 1.577873 0.535689 0.049941
0.149527 1.196716 0.631234 0.019144
0.511111 1.289379 0.125321 0.094269
0.079139 1.698419 -0.073421 0.091771
0.390530 1.054136 0.034803 0.031678
-0.356155 1.560769 0.186127 0.202943
-0.162976 1.490827 0.461412 0.047250
0.433712 1.048496 -0.181298 0.049710
0.349362 1.221966 -0.294730 0.049349
-0.042822 1.814408 -0.001532 0.090822
-0.143781 1.324534 0.573217 0.027391
-0.121824 1.613285 0.380101 0.120223
0.110926 1.594587 0.179855 0.119592
-0.357698 1.153087 0.113438 0.239331
0.205529 1.158623 0.184053 0.019220
0.491042 1.089041 0.500602 0.007997
0.083896 1.832052 0.410043 0.047638
0.238712 1.303033 0.677972 0.027607
-0.569717 1.320178 0.449382 0.044075
-0.558709 1.098137 0.386246 0.048516
0.155040 1.209156 0.494754 0.033728
-0.405889 0.781436 0.286755 0.039917
0.373951 1.560711 0.460261 0.118766
0.352140 0.874899 0.367783 0.021255
-0.199972 1.777862 0.420222 0.111868
-0.526313 1.030567 0.149697 0.089873
-0.295971 0.772542 -0.063798 0.055986
0.300415 0.824469 0.210606 0.026345
-0.270109 0.957764 0.140052 0.049452
0.467907 1.099715 0.313661 0.030778
-0.101350 1.271504 0.695968 0.044663
0.104924 1.056469 0.709272 0.037827
-0.629033 1.368726 -0.068177 0.380288
-0.241905 0.975177 0.508803 0.034264
-0.219243 1.731242 0.268824 0.208034
-0.026897 1.505504 -0.118610 0.022162
-0.035228 1.182709 0.429601 0.025715
-0.371815 0.959114 0.578285 0.037335
-0.640716 1.362180 0.248181 0.114169
-0.161243 1.846231 0.158872 0.044242
0.503843 1.163596 0.194388 0.041937
-0.140201 0.659052 0.347706 0.019045
0.468206 0.969487 0.238598 0.052181
0.041854 1.605887 0.028066 0.046935
-0.068600 1.533942 0.090587 0.042120
-0.207777 0.795366 0.366194 0.025278
-0.205700 1.098515 0.695352 0.108812
-0.006447 0.696181 0.205621 0.042001
0.304465 1.446374 0.428690 0.032533
-0.460350 1.268981 0.080978 0.292264
-0.269284 1.831676 0.051565 0.040655
0.369005 1.317142 -0.041841 0.044181
0.222845 0.873729 -0.088817 0.029219
0.384716 1.196484 0.100611 0.022927
-0.435707 1.769699 0.072707 0.097286
0.511258 1.221339 -0.002047 0.046695
0.386717 1.306346 0.363701 0.028517
0.445504 1.655094 -0.028152 0.046955
-0.084768 0.906834 -0.200285 0.168223
-0.148956 1.379693 0.332989 0.048587
-0.231808 1.081723 0.285133 0.048495
0.286596 1.207280 -0.058990 0.040794
0.409581 1.287402 -0.190002 0.049083
0.237906 1.013926 0.601995 0.028426
0.204838 1.346636 -0.025493 0.042894
-0.413064 1.677070 0.338568 0.051267
-0.260827 0.806330 0.494298 0.029929
-0.099768 1.651575 0.543540 0.158086
0.222699 1.161851 -0.402165 0.105362
0.262797 0.983178 0.212092 0.018399
0.008326 1.548837 0.439162 0.089458
-0.010626 0.600290 0.308025 0.032709
-0.401907 1.530942 0.544389 0.079714
-0.563470 1.462273 0.412008 0.049388
0.297613 1.155201 0.578407 0.114082
-0.033930 0.773695 0.572588 0.041522
0.342429 1.661175 0.365570 0.086918
-0.618219 1.336188 0.110819 0.222485
-0.475575 1.122643 0.266245 0.141090
0.330027 1.536133 0.098975 0.278869
0.294927 1.537801 -0.236048 0.050142
0.559325 1.260446 0.361024 0.069901
-0.213385 1.518185 0.294163 0.095012
0.470439 1.522400 0.117848 0.151159
-0.413429 1.385887 0.003843 0.419212
0.123362 1.013527 -0.212316 0.048561
0.124270 0.626285 0.258072 0.050104
-0.487268 1.022109 -0.070540 0.104042
-0.126718 1.712091 0.140975 0.160435
0.210553 1.257704 0.085964 0.017750
-0.396629 1.635088 -0.118538 0.119081
0.158230 1.710774 0.445885 0.429630
-0.036279 1.212813 -0.317014 0.123807
0.041984 1.054794 0.587588 0.058105
-0.365999 1.244778 -0.104753 0.363116
0.057029 0.888788 0.202946 0.031946
-0.053524 1.045233 0.712260 0.044136
0.257121 0.661099 0.138430 0.040178
0.247572 1.164980 -0.215217 0.047641
-0.435899 0.833970 0.003648 0.049236
0.250171 0.806968 0.487018 0.040979
-0.324918 1.346037 0.133888 0.083626
0.292259 1.448245 -0.073144 0.164721
-0.439195 1.058787 -0.285598 0.119658
0.099652 1.250758 -0.390021 0.084780
0.115798 1.452980 -0.010730 0.028811
-0.592645 1.568677 0.298880 0.094427
-0.013722 1.376013 0.708262 0.036218
0.313331 1.051192 -0.263225 0.048448
-0.187065 0.994036 -0.147814 0.049836
-0.069182 1.126947 0.306184 0.049651
-0.299630 0.788077 0.090887 0.040157
0.070926 1.876686 0.266270 0.046279
-0.665036 1.102391 0.232954 0.048987
-0.591046 1.189219 0.120110 0.133832
0.120649 0.775292 0.096224 0.029070
-0.144115 1.520137 -0.020873 0.036913
-0.045709 1.487649 -0.272296 0.038924
-0.162629 0.990841 -0.318947 0.257730
-0.151543 0.805461 -0.009112 0.042907
0.131812 1.037693 0.212313 0.034844
-0.220294 1.680351 -0.173997 0.047057
-0.474497 1.038467 0.526701 0.029809
-0.475866 0.858767 -0.182457 0.049567
0.171861 1.619501 -0.201771 0.106957
0.458842 1.665077 0.116110 0.046907
-0.341561 1.100761 -0.087487 0.221224
0.282419 1.400007 -0.262388 0.077521
0.082612 1.182072 -0.254400 0.047291
0.442508 1.426097 0.483705 0.071982
0.303026 0.985256 -0.079664 0.020539
-0.478764 1.154605 -0.002988 0.232205
0.096333 1.271438 0.242030 0.029264
-0.380688 1.442345 -0.117941 0.499250
-0.422419 1.508046 0.072246 0.145609
0.281518 0.918932 -0.239961 0.048558
-0.105902 0.863550 0.477313 0.024857
-0.504958 1.341317 0.189949 0.208035
0.319246 1.582837 0.582152 0.046553
0.415550 0.775200 0.137852 0.028587
-0.299391 0.682435 0.289571 0.037646
-0.222015 1.204411 0.139915 0.158943
-0.246370 0.792798 -0.221616 0.051685
0.071861 1.260181 0.383626 0.031302
-0.145000 0.907277 0.110410 0.046076
0.588973 1.416835 0.145093 0.046803
-0.292333 1.463073 0.404346 0.049893
-0.179441 0.692456 0.476647 0.030679
0.287625 1.270601 0.455162 0.020795
-0.573409 0.893404 0.013450 0.050841
-0.162318 1.338707 -0.335687 0.126483
0.446769 1.172833 -0.115731 0.049864
0.093741 1.140750 0.107275 0.042948
0.036087 1.047795 -0.337513 0.096512
-0.416437 1.246916 -0.331144 0.316855
-0.493456 1.290899 -0.175099 0.367674
-0.330009 1.329132 -0.251435 0.392449
-0.314169 0.946725 -0.106247 0.049433
-0.162779 1.204914 0.365379 0.046555
0.052100 1.088498 0.382678 0.029005
-0.591852 1.070656 0.009045 0.094279
-0.283329 0.914346 -0.303244 0.181605
-0.154868 0.652794 -0.100075 0.045916
-0.123296 0.947817 0.261780 0.042117
0.337034 1.748623 -0.037819 0.047382
0.231820 1.772269 0.334741 0.321965
0.550948 1.522308 0.227415 0.047597
0.366015 1.658678 -0.137979 0.139689
-0.302679 0.861620 0.243808 0.047926
-0.497952 0.888656 0.291645 0.045227
-0.214299 1.014433 -0.012214 0.091178
0.491934 0.934784 0.391829 0.034187
-0.365821 1.678375 0.483143 0.075060
0.516465 1.379292 -0.068130 0.048102
-0.040644 1.758511 0.444308 0.493029
0.349176 0.820955 -0.036181 0.038391
-0.367790 1.574266 -0.304977 0.051882
0.130841 1.524881 0.324623 0.029701
-0.457448 1.289716 0.560314 0.046192
0.235067 1.709419 0.048535 0.069401
-0.027155 1.124753 -0.190884 0.051812
0.153549 1.488018 -0.174213 0.030164
0.203131 1.842386 0.101941 0.042759
0.416437 0.782899 0.284820 0.066752
-0.081864 1.740907 0.294133 0.171349
-0.084109 0.813633 0.213405 0.031059
0.221501 1.376024 0.522924 0.033142
-0.505593 1.181111 0.482918 0.049534
-0.210499 0.709626 0.158759 0.030307
-0.498794 0.899987 0.497945 0.028362
-0.530340 1.239982 0.317703 0.103216
-0.340802 1.681277 0.028582 0.163336
-0.094713 1.494114 0.661665 0.043086
0.019197 0.774324 0.376067 0.039127
0.011287 1.407175 0.383624 0.032749
0.349031 1.008542 0.410877 0.059999
0.506954 1.016118 -0.056279 0.043500
-0.529108 1.583373 0.022135 0.267401
0.173282 1.511089 0.627413 0.021095
0.048255 1.225377 -0.129829 0.042881
-0.290737 1.471346 0.011610 0.116492
-0.304892 1.136208 0.415024 0.049446
-0.032571 1.882870 0.136206 0.044423
-0.091675 1.880369 0.312265 0.067143
-0.370611 1.223541 0.245478 0.170106
-0.061076 1.635308 -0.088907 0.038866
0.399152 1.433195 0.025560 0.219714
-0.628334 1.477602 0.118665 0.276565
0.041408 1.562767 0.691895 0.034875
-0.509319 0.892885 0.147384 0.048420
-0.172609 1.385001 0.030508 0.358354
0.041298 0.971468 0.308819 0.037781
0.411030 1.626434 0.239348 0.083248
0.104140 1.723590 0.289046 0.254243
-0.598743 0.972000 0.356726 0.045255
-0.068802 1.352107 0.167858 0.049167
0.490479 0.889779 0.088661 0.032602
-0.231994 0.836704 0.626070 0.041484
-0.450169 0.996334 0.397417 0.048560
0.366033 0.954815 0.128335 0.024643
-0.111663 1.007251 0.386105 0.025849
-0.216039 1.593359 0.082091 0.150411
0.159704 1.815401 -0.044777 0.075749
-0.269340 1.106504 -0.376248 0.280634
0.046112 0.849654 0.658394 0.022901
0.540022 1.061082 0.110890 0.030938
-0.306129 1.408486 0.259491 0.149021
-0.398762 1.550965 0.387882 0.061532
-0.382634 0.668742 0.131559 0.037059
0.232855 1.595341 -0.063198 0.030850
0.167282 1.109916 -0.037686 0.021988
0.093969 1.356003 -0.202484 0.048570
0.369624 1.042577 0.547996 0.043826
-0.695728 1.104935 0.089188 0.084923
0.199650 1.337762 0.354018 0.041699
-0.164411 1.761223 -0.035171 0.044310
-0.279292 1.245958 0.626207 0.049539
0.180117 1.719761 0.177222 0.291413
-0.537540 1.679815 0.200173 0.107195
-0.235742 1.269961 -0.007250 0.259562
-0.391811 1.366334 0.379723 0.106795
0.039109 1.322953 0.498784 0.050865
0.135919 0.738883 0.459067 0.042616
0.260206 1.303196 -0.164857 0.088094
0.078340 0.967310 0.453602 0.027516
0.164783 0.883145 0.333689 0.039656
-0.365129 1.129716 0.636388 0.030990
0.318411 0.912492 0.559489 0.030076
-0.095126 1.346881 -0.110976 0.179628
0.201931 1.269577 -0.298448 0.049274
0.097679 1.418905 0.220871 0.016419
-0.200835 1.382795 0.173017 0.058553
-0.326258 0.880713 0.383316 0.038391
0.297138 1.451972 0.630830 0.027585
0.257738 1.090253 0.065933 0.010807
0.043289 1.648292 0.576713 0.071569
0.228269 1.573706 0.463732 0.044181
0.070522 1.261603 0.727492 0.042928
-0.143634 0.662986 0.040047 0.055454
-0.196401 1.532520 -0.177668 0.046517
0.200812 1.574471 0.077832 0.160575
-0.226553 1.419731 0.710554 0.029651
-0.070024 1.475697 0.256371 0.036214
0.399909 1.273180 0.534623 0.034061
-0.385235 1.363096 0.649951 0.023031
0.202637 1.418646 0.088910 0.034788
0.338805 1.793037 0.210371 0.047580
-0.255717 1.389070 -0.137838 0.148490
0.145131 1.389435 -0.332437 0.049172
-0.219059 1.197007 0.509653 0.041590
0.422728 1.461487 -0.154256 0.046202
0.253982 1.615246 0.229816 0.084768
0.139178 1.471435 0.452091 0.028299
0.298336 1.292138 0.205913 0.040632
0.176768 1.154461 0.345447 0.020749
0.342129 1.466439 0.230911 0.052844
0.045353 1.741362 0.148665 0.095590
0.370675 1.160631 0.428320 0.013915
-0.042971 1.341345 -0.253696 0.046873
-0.392175 1.007774 0.253898 0.049618
-0.143238 1.069674 0.551282 0.076015
0.164994 0.873573 0.573797 0.043966
0.122097 1.334744 0.612771 0.064292
0.220958 0.968793 0.440602 0.043435
-0.400324 1.011303 0.086632 0.165406
0.421478 1.481313 0.354122 0.017817
-0.596534 1.201083 -0.074929 0.257289
