# x y z
0.212220 0.749214 0.328392
-0.109725 0.946240 0.604779
0.164994 0.873573 0.573797
0.540022 1.061082 0.110890
0.421478 1.481313 0.354122
0.228269 1.573706 0.463732
0.346329 1.488271 0.446862
0.499558 1.378873 0.261728
-0.277113 1.646050 0.386373
-0.294486 1.407081 0.556515
-0.208174 1.391077 0.583723
-0.504410 1.505616 0.194194
0.024446 1.436783 0.593542
-0.059432 1.167180 0.619281
0.260206 1.303196 -0.164857
0.192223 0.975824 0.027143
0.345144 1.183257 0.273963
0.199650 1.337762 0.354018
-0.044646 1.621371 0.237357
0.011287 1.407175 0.383624
-0.266359 1.289784 0.346479
0.181421 1.659790 0.534046
0.070522 1.261603 0.727492
0.043289 1.648292 0.576713
-0.347096 1.785867 0.225488
-0.259151 1.577873 0.535689
0.149527 1.196716 0.631234
0.167133 0.964860 0.552080
0.511111 1.289379 0.125321
0.220958 0.968793 0.440602
0.448125 1.217296 0.286469
0.253982 1.615246 0.229816
0.079139 1.698419 -0.073421
0.412535 1.329729 0.081506
0.390530 1.054136 0.034803
0.145177 1.491269 0.498706
0.045353 1.741362 0.148665
-0.356155 1.560769 0.186127
-0.162976 1.490827 0.461412
0.365821 1.103315 0.206991
-0.215298 1.411593 0.344395
0.181471 1.244270 0.404397
0.067581 1.286163 0.369886
0.433712 1.048496 -0.181298
0.349362 1.221966 -0.294730
-0.042822 1.814408 -0.001532
0.104140 1.723590 0.289046
-0.450169 0.996334 0.397417
-0.279292 1.245958 0.626207
-0.143781 1.324534 0.573217
-0.121824 1.613285 0.380101
0.110926 1.594587 0.179855
0.204967 1.510353 0.160809
0.067749 1.485222 0.205406
-0.357698 1.153087 0.113438
0.143296 0.994065 0.126854
0.205529 1.158623 0.184053
0.491042 1.089041 0.500602
-0.226553 1.419731 0.710554
0.083896 1.832052 0.410043
0.238712 1.303033 0.677972
-0.569717 1.320178 0.449382
-0.457125 1.031229 0.521054
-0.558709 1.098137 0.386246
0.444432 1.144613 -0.142295
0.399152 1.433195 0.025560
0.145131 1.389435 -0.332437
0.342129 1.466439 0.230911
0.160078 1.651297 -0.089414
0.019197 0.774324 0.376067
0.409137 1.111870 0.341463
0.164783 0.883145 0.333689
0.155040 1.209156 0.494754
0.286812 1.533095 0.264988
-0.010403 1.359403 0.478366
0.247981 1.360089 0.264072
0.200508 1.699835 0.155526
0.506954 1.016118 -0.056279
-0.405889 0.781436 0.286755
-0.210008 1.007193 0.636902
0.250165 0.952456 0.617429
0.032153 1.522201 0.653738
0.352140 0.874899 0.367783
-0.270595 1.738649 0.159759
-0.340802 1.681277 0.028582
0.184067 1.544895 0.280200
0.176768 1.154461 0.345447
0.298336 1.292138 0.205913
0.065490 1.468563 0.344349
-0.199972 1.777862 0.420222
-0.094713 1.494114 0.661665
-0.295971 0.772542 -0.063798
-0.526313 1.030567 0.149697
0.300415 0.824469 0.210606
0.370675 1.160631 0.428320
0.499777 1.284852 0.249589
-0.336664 1.533503 0.366851
-0.252227 1.613734 0.140026
-0.268014 1.241984 0.456264
-0.270109 0.957764 0.140052
0.178767 1.252604 0.303056
0.202637 1.418646 0.088910
0.492844 1.196776 0.410210
0.433506 0.908132 -0.088277
-0.210499 0.709626 0.158759
0.414286 1.060230 0.415284
0.523533 1.471318 0.021856
-0.163723 1.573259 0.590074
-0.101350 1.271504 0.695968
-0.505593 1.181111 0.482918
-0.422427 1.230153 0.563694
0.221501 1.376024 0.522924
0.338500 1.357705 -0.051513
0.173637 1.365891 -0.221279
-0.179889 1.587358 0.277674
-0.047598 1.508512 0.207609
0.238000 1.589575 0.584381
0.104924 1.056469 0.709272
0.173282 1.511089 0.627413
-0.629033 1.368726 -0.068177
0.235067 1.709419 0.048535
0.422728 1.461487 -0.154256
-0.068222 1.558078 0.451830
-0.285275 1.599119 0.284276
-0.238122 1.100825 0.443787
-0.241905 0.975177 0.508803
0.078340 0.967310 0.453602
0.322828 1.651873 0.403722
0.473600 1.447663 0.459060
-0.065039 1.090752 0.704505
0.052359 1.721816 0.483594
0.156815 1.415606 0.623903
-0.219243 1.731242 0.268824
0.232855 1.595341 -0.063198
0.153549 1.488018 -0.174213
-0.026897 1.505504 -0.118610
0.214541 1.224057 -0.144280
0.087126 1.397890 0.436100
-0.035228 1.182709 0.429601
-0.153568 1.546517 0.183818
-0.371815 0.959114 0.578285
-0.640716 1.362180 0.248181
-0.161243 1.846231 0.158872
0.200347 1.547146 -0.225514
0.200740 1.050582 0.542377
0.503843 1.163596 0.194388
0.387637 1.400540 0.390931
-0.336517 0.888229 0.267102
-0.363595 1.078575 0.540731
-0.091764 1.774508 0.208947
-0.335383 1.365061 0.279370
-0.509319 0.892885 0.147384
-0.140201 0.659052 0.347706
0.314491 1.565990 0.524022
0.468206 0.969487 0.238598
-0.452457 1.297240 0.487781
-0.342981 1.671321 0.269923
-0.530340 1.239982 0.317703
-0.326258 0.880713 0.383316
-0.084109 0.813633 0.213405
0.029690 0.829412 0.179069
0.300398 1.021490 0.120575
0.041854 1.605887 0.028066
-0.068600 1.533942 0.090587
-0.200835 1.382795 0.173017
-0.037138 1.614681 0.642541
-0.091675 1.880369 0.312265
-0.205700 1.098515 0.695352
-0.207777 0.795366 0.366194
0.026629 0.898234 0.549740
0.366207 1.656072 0.167265
-0.006447 0.696181 0.205621
0.182471 1.520660 0.386693
-0.118382 1.670502 0.110312
-0.460350 1.268981 0.080978
-0.356229 1.016354 0.223397
-0.034407 1.181288 0.757986
-0.307177 1.101200 0.657285
-0.040644 1.758511 0.444308
-0.269284 1.831676 0.051565
0.225311 1.757623 0.287627
0.222845 0.873729 -0.088817
0.384716 1.196484 0.100611
-0.098693 1.404768 0.412235
-0.104182 1.230310 0.495817
0.176527 1.427229 0.357636
0.218547 1.045720 0.284065
-0.435707 1.769699 0.072707
0.511258 1.221339 -0.002047
0.330715 1.331805 -0.324441
0.275214 1.549362 -0.146934
0.344722 1.486121 -0.085125
-0.163583 1.227076 0.610595
0.039007 1.139055 0.635737
0.034563 1.274388 0.555406
-0.056063 1.643649 -0.055267
0.376989 1.583614 0.369857
-0.382634 0.668742 0.131559
-0.044591 0.852810 0.621545
-0.353456 1.335489 0.640441
0.503787 1.317304 0.370274
0.315283 1.375736 0.590947
-0.584371 1.124968 0.147340
0.390120 1.525565 0.045578
0.272549 1.613472 0.083835
0.095400 1.044950 0.498848
0.300450 1.030061 0.337623
0.321573 1.086182 -0.066304
0.340893 1.260429 0.002326
-0.101583 1.091959 0.447694
-0.013265 0.991122 0.633233
0.386717 1.306346 0.363701
-0.226713 1.624300 0.019122
0.234998 1.285697 -0.053942
0.189038 1.086860 0.648784
0.225513 0.759266 0.451261
0.399909 1.273180 0.534623
0.445504 1.655094 -0.028152
-0.368551 1.575787 0.502653
-0.084768 0.906834 -0.200285
0.032542 1.588478 0.346606
-0.093520 1.317121 0.466281
-0.097746 1.510887 0.310711
-0.290737 1.471346 0.011610
-0.231808 1.081723 0.285133
-0.562862 1.310703 0.135500
0.298620 1.318067 0.447623
0.286596 1.207280 -0.058990
0.198749 1.386971 -0.004747
-0.002311 1.419758 0.250279
-0.115907 1.751716 0.394313
-0.381679 1.711427 -0.089967
0.342166 1.725834 0.101104
0.128915 1.674209 0.070139
0.145109 1.316816 0.457608
0.267868 1.221535 0.356114
0.409581 1.287402 -0.190002
-0.453703 1.565382 0.101134
-0.529108 1.583373 0.022135
0.322084 1.212673 0.483754
0.269129 1.335938 0.056365
-0.171958 1.327392 0.739632
0.347565 1.084487 0.582558
0.127029 1.815226 0.330751
-0.413064 1.677070 0.338568
0.245841 1.437003 -0.231141
-0.311994 0.835643 0.158901
-0.066189 1.437640 0.559550
-0.227554 1.535020 0.335297
-0.370611 1.223541 0.245478
-0.132307 1.464840 0.074595
0.298657 0.767619 0.357133
0.313649 1.263034 0.620070
0.318411 0.912492 0.559489
-0.267704 0.791288 0.036567
0.084245 1.450720 -0.112722
-0.028776 1.139646 0.538608
-0.095405 1.740004 0.522247
-0.348565 1.507437 0.583888
-0.298924 1.685351 0.466673
-0.260827 0.806330 0.494298
-0.111663 1.007251 0.386105
0.349176 0.820955 -0.036181
0.387430 1.407087 0.541190
0.322860 1.682706 -0.033479
0.115241 1.280875 0.649745
-0.000113 1.325639 0.628012
0.078616 1.525054 -0.060599
-0.057955 1.396195 0.729495
-0.099768 1.651575 0.543540
-0.196401 1.532520 -0.177668
-0.153827 1.108194 0.546426
0.222699 1.161851 -0.402165
0.368720 1.099214 -0.240029
0.170225 1.658669 0.420005
-0.003870 1.715924 0.068528
0.206989 1.255729 0.054545
-0.457503 1.361339 0.609973
0.324646 1.409455 -0.173535
-0.143634 0.662986 0.040047
-0.096568 0.926354 0.440557
0.252274 0.903345 0.374060
0.048255 1.225377 -0.129829
-0.456817 1.469469 0.440872
0.259222 1.104567 -0.138306
0.156203 0.907228 0.237570
0.262797 0.983178 0.212092
0.004792 1.670956 0.381797
0.081700 1.371678 0.567562
-0.506402 1.249912 -0.017645
-0.215320 1.395753 0.453182
0.090808 1.604893 0.279199
0.184963 1.283192 0.218158
0.501967 1.279358 -0.070344
0.159704 1.815401 -0.044777
-0.183836 1.630079 0.490540
-0.191809 1.737191 0.051151
-0.185628 1.546878 0.099345
-0.537540 1.679815 0.200173
0.401583 1.373290 -0.135387
0.266587 1.455790 0.395735
-0.062043 1.209878 -0.145922
-0.303124 1.316439 0.202451
-0.010626 0.600290 0.308025
0.093290 1.846214 0.028600
-0.563470 1.462273 0.412008
-0.489479 1.576058 0.407441
-0.541715 1.333477 -0.115221
0.118164 0.866555 0.449825
-0.391811 1.366334 0.379723
-0.416632 1.054792 0.093717
0.300941 1.150518 0.088373
-0.033930 0.773695 0.572588
-0.566542 1.499701 0.300053
-0.588393 1.321963 0.356906
-0.420243 0.913147 0.290597
0.286851 1.047405 0.462454
0.034618 1.462641 0.484797
0.203131 1.842386 0.101941
0.451264 1.342748 0.489140
-0.308633 1.461974 0.459335
-0.069887 1.393716 -0.153758
0.404716 1.552410 0.275940
-0.328231 0.697302 0.353844
0.465859 1.444891 0.176615
-0.583360 0.956419 0.194597
-0.090526 1.720790 0.012783
-0.356967 1.464784 0.224721
-0.112652 1.545985 -0.038056
0.142920 1.077221 0.191227
0.089904 1.376453 0.686153
0.122995 0.778326 0.409416
-0.416610 0.830402 0.178716
-0.524492 1.416297 0.066583
-0.475575 1.122643 0.266245
-0.011457 1.848279 0.227160
-0.370647 1.280301 0.435216
0.511015 1.143483 -0.048563
0.486856 1.337843 -0.183883
0.516465 1.379292 -0.068130
0.535255 1.316549 0.021401
0.294927 1.537801 -0.236048
0.077241 0.756674 0.552936
0.378862 1.681640 0.311681
-0.367790 1.574266 -0.304977
0.126976 1.762492 0.115175
0.452805 1.086617 0.241336
0.067464 1.084228 0.399162
-0.057004 1.836886 0.108066
-0.347096 0.752917 0.202382
-0.345259 1.377547 0.066796
-0.008286 1.502771 0.300281
-0.255990 1.851959 0.230333
-0.257951 1.473816 0.615625
-0.527496 1.586143 0.238115
-0.004169 1.700333 0.296924
-0.244751 0.733315 0.246924
0.470439 1.522400 0.117848
-0.571524 1.236167 0.221593
0.355971 0.963725 0.234342
-0.201205 1.493821 0.003649
-0.366153 0.763391 0.091984
-0.104133 0.694558 0.257402
0.398515 0.801169 0.061288
0.123362 1.013527 -0.212316
0.222880 1.448581 0.249306
-0.158401 1.855544 0.014337
-0.062097 0.740466 0.418912
-0.413429 1.385887 0.003843
-0.192946 1.566394 -0.081143
0.124270 0.626285 0.258072
0.345335 0.980437 0.426489
-0.487268 1.022109 -0.070540
-0.440047 1.473024 0.093291
-0.015199 1.016997 0.511961
0.214854 1.366917 0.164382
0.064859 1.377364 0.293995
-0.214836 0.868109 0.637328
0.266789 0.739386 0.217910
0.579410 1.360369 0.176873
-0.430371 1.695009 0.228554
0.283791 1.452475 0.059211
-0.230499 1.502891 0.237285
-0.203596 0.862689 0.304501
0.164094 1.035349 0.417562
0.242014 1.081986 -0.013024
-0.154037 1.177232 0.426835
0.173282 1.219630 0.757289
-0.426270 1.433909 0.548799
0.183568 0.811042 0.171744
-0.165851 0.881834 0.124925
-0.302996 0.985023 0.339485
-0.009419 1.000943 0.360338
-0.044068 1.158251 0.335519
0.397554 1.574694 -0.059202
-0.353881 1.226874 0.692571
-0.474121 1.669074 0.106901
0.351959 1.470300 0.117635
-0.065448 1.590081 -0.141249
-0.262800 1.318847 0.537267
0.040077 1.648218 0.153131
-0.260531 1.473067 0.155838
-0.066292 0.846955 0.526882
0.303214 0.697043 0.298309
-0.164411 1.761223 -0.035171
0.234335 1.138489 0.444654
0.075217 0.881120 0.639308
0.109893 1.335423 0.198372
0.242032 1.510400 0.528355
0.117418 1.220452 -0.208281
-0.336584 1.756582 0.366320
0.400515 1.396323 0.246331
0.417897 1.373988 -0.232078
0.156712 1.070783 0.060716
-0.349091 0.965670 0.462044
0.041984 1.054794 0.587588
0.384328 1.007866 0.529698
-0.036279 1.212813 -0.317014
0.040273 1.265043 -0.268032
0.202223 1.527233 0.047004
-0.365999 1.244778 -0.104753
0.570547 1.211032 0.261576
0.490479 0.889779 0.088661
0.393034 1.049004 0.139002
-0.160440 1.641973 0.204876
-0.046483 1.583053 0.017805
-0.118562 1.409092 0.268922
0.484108 1.247947 0.483884
-0.087429 1.293751 -0.110009
0.058982 1.166916 0.747219
0.227760 0.982894 -0.169699
-0.264081 1.233240 -0.144215
0.173782 1.020912 -0.090970
-0.170248 1.327948 0.338590
0.374831 0.923869 0.018868
-0.451223 1.375681 0.158138
-0.182930 0.948402 0.401280
0.281083 1.147678 0.625390
0.118370 1.162838 -0.113244
0.104827 1.451930 0.117875
0.259590 0.875803 0.460746
0.367320 1.555069 0.161380
-0.234888 1.329326 0.102673
0.018863 1.495076 0.121537
-0.529090 1.364688 0.520477
-0.403961 0.815749 0.387504
0.272849 0.935981 0.017525
-0.434213 1.556548 0.008969
-0.512038 1.013765 0.249711
0.512316 1.392619 0.117123
0.338805 1.793037 0.210371
0.388739 1.270306 0.210738
-0.313755 1.399779 -0.087396
-0.472004 1.261081 -0.185996
0.397551 0.927890 0.154182
0.212605 0.906985 0.083015
0.314836 0.801995 0.120116
-0.089647 1.822821 -0.078711
0.257121 0.661099 0.138430
-0.044743 1.805146 0.333930
-0.298469 1.006660 0.657197
0.159717 1.183578 0.023250
0.416079 1.166070 0.531116
-0.567559 1.399868 0.286817
0.049696 1.452924 -0.274780
0.247572 1.164980 -0.215217
-0.188649 1.856011 0.326682
-0.533575 1.031433 0.010816
-0.149979 1.681624 -0.122211
0.140867 1.458226 0.034722
0.176539 1.297419 0.585000
0.151243 0.997887 0.640954
0.216918 1.493689 -0.092886
0.041680 0.935711 0.285778
-0.376530 1.244216 0.034814
0.050031 1.192506 -0.391588
-0.351738 1.056798 0.392887
-0.015073 0.919450 0.398689
-0.406705 1.614728 0.413086
-0.168203 1.803469 0.249284
0.234723 1.211697 0.540135
0.021222 1.563365 0.439010
-0.435899 0.833970 0.003648
0.145868 1.357417 -0.097961
0.322936 1.573165 -0.007636
-0.661964 1.312259 0.164890
-0.128190 1.353858 0.661293
0.269804 1.290653 -0.262012
-0.128360 1.664280 0.294983
0.053970 0.860215 0.341684
-0.153094 1.103040 0.338537
0.191388 1.683272 0.329470
-0.262178 1.193286 0.697668
0.102745 1.603647 0.499465
-0.439195 1.058787 -0.285598
-0.248798 1.487314 0.526957
-0.490410 1.324673 0.296819
0.017737 0.804748 0.280721
-0.213422 1.294754 0.210398
-0.027155 1.124753 -0.190884
0.255505 1.141593 0.265019
-0.046302 1.341172 0.361549
0.413715 0.835397 0.229951
-0.388986 0.926048 -0.036225
-0.450076 1.132360 0.583362
-0.248455 1.338464 0.648801
-0.193954 1.323013 -0.090670
0.055504 1.198749 0.469481
0.549778 1.141544 0.332617
0.459725 0.906113 0.332297
0.379808 1.573935 -0.204862
-0.373137 1.324572 -0.060245
-0.396550 0.884909 0.479542
-0.270704 1.155541 0.581764
-0.522105 0.926137 0.031545
-0.187065 0.994036 -0.147814
0.528132 1.479946 0.257686
-0.215077 0.982968 0.230032
-0.247929 1.752656 -0.069189
-0.498794 0.899987 0.497945
0.054332 1.302554 -0.371859
0.365561 1.259971 -0.098730
0.256802 0.738020 0.031775
-0.345869 1.551363 -0.027251
0.117494 1.338321 -0.003866
0.134830 1.233820 0.142751
-0.325425 1.609398 -0.166535
-0.126256 0.827370 0.430733
-0.243074 1.207313 0.237010
0.070926 1.876686 0.266270
0.227534 1.280598 -0.368329
-0.006678 1.234592 0.664564
-0.020568 1.518108 0.540513
-0.397171 1.555965 0.273200
-0.665036 1.102391 0.232954
-0.325677 1.174277 0.361369
-0.162902 1.185799 0.301129
0.305721 1.397174 0.492531
0.120649 0.775292 0.096224
-0.281352 1.196100 -0.027324
-0.086234 0.937104 0.287155
0.033417 0.797734 0.478946
0.075772 0.739642 0.255297
-0.045709 1.487649 -0.272296
0.072124 1.643499 -0.189960
-0.172835 0.881472 0.538281
-0.191078 0.798156 0.200280
-0.162629 0.990841 -0.318947
-0.151543 0.805461 -0.009112
0.484724 1.186548 0.106555
0.008013 1.386361 -0.218165
-0.214299 1.014433 -0.012214
0.498766 0.995851 0.393489
0.339835 0.937589 -0.081098
-0.616120 1.535470 0.038747
-0.192798 1.521129 0.675765
-0.427153 1.426853 -0.086383
-0.574706 1.078715 0.247977
-0.489040 1.501794 0.354965
0.450326 0.980059 0.043221
-0.069158 0.650741 0.407593
-0.172609 1.385001 0.030508
-0.680930 1.201943 0.094137
0.013999 1.576074 -0.221979
0.050714 1.001618 0.163563
-0.411643 1.413116 0.288276
-0.117335 1.167459 0.705819
-0.381638 1.274458 0.125676
0.189014 1.083269 -0.206415
0.519215 1.503070 0.345767
0.433750 1.348129 -0.016880
-0.202456 0.652966 0.260847
0.012700 1.437370 0.688249
0.156002 1.188207 -0.339013
-0.561375 1.584655 0.350639
0.469503 1.603659 0.221478
0.012139 1.783816 -0.072786
0.135074 1.271707 -0.067178
0.336385 1.168203 -0.178390
-0.453240 1.026774 -0.187216
0.542978 1.068736 0.211829
0.088906 1.050412 0.267341
0.242707 1.186206 0.706877
0.131123 1.318504 0.109408
-0.643046 1.232717 0.295520
-0.470287 0.803659 0.106246
-0.298813 1.299767 0.038555
0.116237 1.582055 0.586733
-0.508525 0.892435 0.366436
-0.221446 0.685104 -0.025840
-0.347664 1.200818 0.487498
0.467900 1.609264 0.089864
0.074260 1.315530 -0.200796
0.046664 1.105908 -0.125946
-0.475866 0.858767 -0.182457
-0.369414 1.819632 0.016730
0.397450 1.017582 -0.073127
-0.067687 0.935038 -0.311069
-0.184364 1.062945 0.179423
0.326278 1.476114 0.549852
0.408304 1.130890 -0.035212
-0.431130 0.746311 -0.069548
-0.278817 0.873043 0.554496
0.250375 1.115187 -0.294091
-0.304770 1.360840 0.425231
-0.410633 1.630014 -0.133638
0.305227 1.391992 0.186096
0.110749 0.675042 0.382401
0.054311 0.959855 0.719753
-0.207941 1.688826 0.568649
-0.341561 1.100761 -0.087487
0.048816 1.158682 0.335860
-0.566265 1.457578 -0.055565
-0.014261 1.638101 0.474597
-0.336128 1.801173 0.118286
-0.285257 1.125353 0.172198
0.148364 1.761480 0.210734
-0.254065 1.553386 0.437467
0.023430 1.586845 -0.097132
0.474735 1.601523 0.313680
-0.416879 1.208551 0.324439
-0.279264 1.497590 -0.160806
-0.269340 1.106504 -0.376248
0.326760 1.359786 0.316570
0.112223 1.118978 0.571195
-0.172967 1.265509 0.448472
0.258697 1.739709 0.415919
0.571342 1.200860 0.062460
-0.164511 1.005859 0.557513
0.552351 1.013185 0.292598
-0.546023 1.000532 0.372597
-0.104894 1.238836 0.357576
-0.351535 0.801652 0.473934
-0.139267 1.295281 -0.204970
-0.238855 0.904037 -0.168429
0.268902 1.793868 0.147607
0.257137 0.908252 0.262646
0.143817 0.984975 0.341625
0.477585 1.467085 -0.074265
-0.280210 1.669183 -0.041389
0.264746 1.628362 0.336294
0.395426 1.256959 0.440453
-0.389950 1.630752 0.136984
-0.514239 0.810586 0.253928
0.299293 1.133811 0.360715
0.112962 0.897334 0.085179
-0.104691 1.059905 0.627920
0.238649 1.384305 -0.350028
-0.127261 0.640438 0.167300
0.277208 1.014175 -0.244255
-0.634617 1.074637 0.332510
0.355625 0.722078 0.158478
-0.099040 0.974725 0.703597
-0.330544 1.487908 0.097933
-0.628334 1.477602 0.118665
-0.467298 1.291555 0.210296
0.198125 0.912426 -0.248910
-0.025301 1.703444 0.608843
-0.601345 1.225162 0.432486
-0.283081 1.379540 -0.180478
0.476619 1.104742 0.038576
0.334679 0.973942 -0.181548
0.045342 1.402033 -0.403688
0.305269 1.699546 0.245165
0.007611 0.680536 0.460194
-0.403635 1.153308 0.428192
-0.029879 0.946614 0.182790
0.096612 1.533898 0.073176
-0.073168 1.363738 -0.374668
0.126742 0.818567 0.276251
-0.172260 0.829880 -0.234482
0.482282 0.820550 0.146982
-0.183107 0.758162 0.499285
-0.478764 1.154605 -0.002988
0.016673 1.895165 0.083280
-0.386228 1.134913 0.214271
0.090751 1.744279 0.016058
-0.565831 0.879655 -0.087221
-0.305273 1.101717 0.041035
-0.124959 1.631258 0.027379
-0.007782 1.689736 -0.135613
-0.294331 1.465665 0.320884
-0.108406 0.778234 0.324914
0.244608 1.396793 0.685011
-0.263524 1.866330 0.137146
-0.239332 1.377457 0.262688
-0.191041 1.249026 0.696662
-0.128149 1.473126 -0.229613
-0.626369 1.469411 0.220938
-0.152057 1.107433 -0.036272
0.187927 0.745151 0.542455
0.080870 1.835360 0.151915
-0.362163 1.294047 0.533319
0.375093 1.645332 0.034087
-0.250376 0.589851 0.160895
0.400960 0.920925 0.490374
0.282492 1.241296 0.126399
-0.585132 1.579041 0.135907
-0.012017 1.069388 0.258976
0.166126 1.087165 -0.384991
-0.212462 1.190236 0.509635
0.392616 1.719519 0.227638
-0.173887 1.736032 0.187107
-0.246511 0.629205 0.044974
0.014739 1.335518 0.733775
0.077833 1.269650 0.280201
0.457101 1.349656 0.183259
-0.363571 0.932838 0.086347
-0.150439 1.143566 -0.149101
-0.695728 1.104935 0.089188
0.153644 0.658650 0.163762
0.190550 1.589760 0.113813
0.551285 1.472131 0.159109
0.319050 1.011917 0.639341
-0.561341 0.887152 0.276725
0.228746 1.770070 -0.081262
0.318822 0.803943 0.437272
-0.341836 1.435413 -0.242369
-0.402533 1.030488 -0.002901
-0.665451 1.382865 0.028709
-0.242493 0.667468 0.356023
0.215229 0.808965 0.258206
0.249515 1.828930 0.231729
-0.603368 1.242254 0.068543
-0.171961 0.985223 0.313239
-0.447732 1.031634 0.311843
0.371133 1.184742 0.621351
0.254452 1.469100 0.611452
0.172304 1.121440 0.730300
-0.496270 1.157818 0.356541
0.250038 1.033927 -0.351410
0.046357 1.165754 -0.287513
-0.197458 1.698384 0.374940
-0.617402 1.027810 0.101467
-0.507355 1.378336 -0.027806
0.092022 1.547535 -0.262468
-0.441827 1.526050 0.532877
0.111763 1.047279 -0.295000
-0.277005 1.278441 -0.066254
0.481831 0.969027 0.137304
-0.222015 1.204411 0.139915
0.392155 1.580932 0.479982
-0.173484 0.864255 -0.119905
0.107856 0.838576 -0.119595
-0.547316 1.103076 -0.047197
-0.030638 1.588759 0.153998
0.125593 1.589064 -0.000845
-0.484733 1.388425 0.391300
0.312675 0.873518 -0.218183
0.406637 1.002786 0.309851
-0.476926 1.484812 -0.135698
-0.438736 1.401846 -0.193123
-0.188376 1.420754 -0.054072
-0.580556 1.099161 0.475357
0.366015 1.658678 -0.137979
0.220787 1.411016 -0.147137
0.334394 1.457861 -0.272737
-0.415731 1.760968 0.303143
0.457545 1.551513 0.406529
0.302371 1.171868 0.187011
-0.342254 0.726841 0.008359
0.331354 1.506876 0.350604
0.382816 0.740683 0.252291
0.175168 1.515434 -0.310832
-0.125247 1.487298 -0.134337
-0.149918 0.746146 0.100402
-0.455763 1.567862 -0.078789
-0.396660 0.924410 -0.182803
-0.316779 0.631834 0.292152
0.015559 1.060141 0.745562
-0.369098 0.847476 -0.107613
-0.489297 1.611993 -0.200873
-0.596534 1.201083 -0.074929
-0.505982 1.654561 0.317179
-0.249105 0.716850 0.440935
-0.132652 1.391180 0.510618
0.587552 1.239998 0.169032
-0.109771 0.717547 0.563363
-0.144710 1.223047 -0.318969
0.238898 1.079737 0.155760
-0.314536 1.415085 0.672309
-0.388621 1.381007 0.474456
0.063861 0.912333 -0.186204
0.025461 1.388760 0.147059
-0.283421 0.894036 -0.017721
0.094319 1.682976 0.373856
0.106902 1.562570 -0.147454
0.184651 0.888108 -0.001869
-0.186621 1.809977 -0.109174
0.258094 1.806697 0.037096
-0.381685 0.933399 0.193065
0.145332 1.457493 0.704792
-0.332014 1.598109 0.072349
0.048445 1.783391 0.246932
-0.145640 1.467600 0.591017
-0.559936 1.397550 0.194040
0.146824 1.732100 0.483047
0.147941 1.277398 -0.325937
0.082384 0.722778 0.163267
0.075831 1.168355 0.192066
0.302043 0.735848 -0.058669
0.346698 0.881800 0.271524
0.200619 1.149596 -0.061966
-0.162318 1.338707 -0.335687
-0.157247 0.983811 0.092844
-0.260793 1.052487 0.554598
-0.089100 1.845128 0.419610
-0.232882 1.188313 0.358967
-0.104144 1.207952 -0.234943
0.368425 1.090387 0.492655
-0.412545 1.123958 -0.143063
-0.253712 0.893250 0.442786
0.341462 1.767986 0.335028
-0.079318 1.326861 0.266396
0.134823 1.417798 0.240160
-0.063462 1.328217 -0.250507
-0.226302 1.453189 -0.230136
-0.300389 0.754020 -0.188938
-0.327491 1.296080 -0.182096
0.093741 1.140750 0.107275
0.320525 0.887655 0.083922
-0.121399 1.047117 0.253764
-0.107092 1.412061 0.177543
-0.270578 1.800756 0.317533
-0.440558 1.198923 0.165327
0.457899 0.867109 -0.000609
0.120126 1.085042 -0.035698
0.159889 1.665111 0.245552
0.426475 1.196794 -0.252249
-0.293872 1.075615 -0.273040
-0.154868 0.652794 -0.100075
-0.483961 1.241943 0.404543
0.068666 1.508662 0.559608
-0.385320 1.054907 0.640871
-0.013346 1.293140 -0.168259
0.018316 1.038163 -0.340587
-0.560681 1.320466 0.032148
-0.326347 1.007742 -0.083538
0.532069 0.945842 -0.002855
-0.416437 1.246916 -0.331144
-0.288160 1.136659 -0.183122
0.120370 1.130493 -0.245547
0.100746 1.477133 -0.348736
-0.285025 0.811433 0.290491
0.169001 1.712723 -0.160719
-0.137063 1.076099 -0.213810
-0.134202 0.918091 0.202244
0.335239 1.132244 -0.322211
-0.057271 1.254156 0.571331
0.429002 1.716820 0.123688
-0.505604 1.696012 0.007345
0.290797 0.799266 0.540859
-0.114310 1.916380 0.113330
-0.048015 1.702542 0.171166
-0.451890 0.709125 0.222295
0.245717 1.668298 -0.145066
-0.520427 0.800901 -0.007419
0.278256 1.494318 -0.022303
0.090052 0.901951 0.173729
-0.237420 1.685878 -0.159525
-0.283329 0.914346 -0.303244
0.563225 1.263916 0.415526
-0.626376 1.000510 0.272814
-0.287021 1.487959 -0.305652
0.503108 1.409475 0.379845
-0.015617 0.826029 -0.163884
0.133519 1.164876 0.262348
0.264258 1.669314 0.476540
-0.572297 1.018580 -0.152203
-0.336731 0.982815 -0.360479
-0.293797 0.694512 0.124135
-0.005357 1.459367 -0.352135
-0.133933 0.964394 -0.018625
0.171158 0.730216 0.237579
0.500818 0.871271 0.225085
-0.367502 1.100193 0.300510
-0.530468 1.219242 0.138034
-0.543512 1.109818 0.055126
0.117002 0.928223 -0.302678
-0.366251 1.067761 -0.216494
-0.578123 1.437696 -0.161274
0.204154 0.813587 0.068175
-0.307921 1.219932 0.171683
0.064942 0.632194 0.182373
0.107128 1.574623 0.398308
0.265494 0.988275 0.529056
-0.557605 1.589481 -0.130835
0.081137 1.110397 -0.364164
-0.173516 0.760178 -0.115093
-0.290998 1.208937 0.075358
-0.228936 0.869539 0.061760
-0.546605 0.976617 0.470212
-0.187559 1.391118 -0.151247
-0.033610 1.039914 -0.246028
-0.044511 1.481339 0.392178
-0.518485 1.263022 0.558172
-0.265101 1.006908 0.421099
-0.108240 1.077830 -0.342632
-0.307576 1.792056 -0.129172
0.442497 1.208266 -0.076884
-0.327409 1.743530 -0.231139
-0.095948 1.878000 0.216742
-0.122173 0.868583 0.670941
-0.202612 1.122186 -0.448901
-0.360518 1.165971 0.580434
-0.105532 1.669767 0.450497
0.102659 0.948267 -0.103370
-0.527023 1.183067 -0.256213
0.062684 1.613326 0.670573
0.215633 0.662961 0.385081
-0.197393 1.205855 -0.212746
-0.194455 1.071036 0.077583
-0.157893 0.795837 0.593142
-0.005768 1.089202 0.451913
-0.193571 1.358379 -0.245592
-0.322677 1.045810 0.128099
-0.443829 1.589589 0.201737
0.581315 1.350648 0.304984
0.038607 1.772368 0.349000
-0.164379 0.651438 0.456785
-0.172240 1.226172 -0.021459
0.167399 1.852948 0.191185
0.217716 1.385854 0.432563
-0.425894 1.773175 0.163841
0.348871 1.775616 -0.050439
0.295177 1.134153 0.521703
0.311408 0.856384 -0.120079
-0.024026 1.273827 0.417465
-0.666157 1.082434 -0.007602
0.073174 0.964851 0.601671
-0.152874 1.020815 0.469064
-0.609043 1.140481 -0.183483
-0.395584 1.295478 0.310380
0.192017 0.766802 -0.037007
-0.013191 1.238180 0.294929
-0.435166 0.950918 -0.300338
-0.028396 0.697996 0.310056
-0.424548 1.652213 -0.037203
0.157826 1.322958 -0.417441
-0.492447 1.454740 0.272465
-0.521533 1.087674 -0.180215
0.156704 1.228052 -0.433819
0.396502 0.976715 -0.252893
-0.524631 1.653779 -0.075892
-0.071992 1.745028 -0.180148
-0.308236 0.784778 0.389394
-0.256304 1.356578 -0.026147
0.486443 1.582250 -0.094928
0.210247 0.822368 0.387065
-0.351145 0.841326 -0.237366
0.165602 1.748408 0.394839
-0.341087 1.393187 0.169607
-0.701853 1.178096 0.004390
0.135073 1.124372 0.464022
0.337909 1.614313 0.266890
-0.235067 1.106281 -0.091589
0.158217 1.649041 -0.235439
-0.244975 0.993158 -0.270406
0.051298 1.324253 -0.109808
-0.493602 1.120234 0.142311
-0.278548 1.561224 0.629384
-0.395291 1.442938 0.633181
-0.596429 0.998489 -0.061723
0.288803 1.295724 0.538525
0.260062 0.898836 0.170839
-0.589246 1.157009 0.305967
-0.442988 1.190384 -0.087418
-0.391235 1.706507 0.430090
-0.042442 0.603407 0.210286
-0.454041 0.705239 0.065465
0.476192 1.557381 -0.000197
0.081668 1.207873 -0.022463
-0.360033 1.498841 -0.103098
0.507988 1.212815 -0.172034
0.168436 1.726054 -0.030870
-0.230735 0.886851 0.205844
0.173668 0.666194 0.075247
-0.648549 1.189642 0.194258
-0.445362 1.060222 0.189234
0.304988 1.219821 -0.375153
0.096842 0.989526 0.021599
-0.365263 1.084349 -0.364075
-0.030866 0.912957 0.695176
0.265535 1.009743 -0.072148
0.242083 1.209277 -0.299930
-0.625427 0.934515 0.083997
0.026304 1.563791 0.220211
-0.391186 0.738072 -0.151115
0.336692 1.062259 -0.161500
0.506955 1.098281 0.400153
-0.296816 0.987489 0.050988
-0.213395 1.884835 -0.051996
0.053636 1.291681 0.466855
0.594530 1.147262 0.163579
0.431713 0.774046 -0.048775
0.584040 1.098747 -0.001255
0.144968 1.449979 -0.256111
-0.068248 1.066516 0.330005
-0.603640 1.388930 0.105784
-0.238559 1.557990 -0.259063
