trap_scap_m.Y0        	0.56925079	0.56925067	6.3821975e-05	
trap_scap_m.DT0       	0.10051917	0.10025191	0.00048726929	
trap_scap_m.Y1        	0.10691407	0.1069819	0.00013616361	
trap_scap_s.Y0        	0.26207815	0.26220503	6.172891e-05	
trap_scap_s.DT0       	0.99664459	0.99691366	0.00035302536	
trap_scap_s.Y1        	0.4254242	0.42551757	6.7682879e-05	
trap_scap_i.Y0        	0.21696608	0.21688907	5.5761916e-05	
trap_scap_i.DT0       	0.98714579	0.98654719	0.00060917148	
trap_scap_i.Y1        	0.3382562	0.33830618	5.8950298e-05	
trap_clav_s.Y0        	0.13317854	0.13314699	6.5263304e-05	
trap_clav_s.DT0       	0.9987832	0.99904461	0.00044939391	
trap_clav_s.Y1        	0.30217267	0.30223016	8.0793926e-05	
ser_ant_i.Y0          	0.2299273	0.22981297	0.00010223723	
ser_ant_i.DT0         	0.92671963	0.9263528	0.00045655014	
ser_ant_i.Y1          	0.58323823	0.58331591	5.9893976e-05	
ser_ant_m.Y0          	0.26109557	0.26119096	5.4631738e-05	
ser_ant_m.DT0         	0.98923936	0.98900496	0.00050744454	
ser_ant_m.Y1          	0.26479567	0.26475603	0.00019171014	
ser_ant_s.Y0          	0.49121187	0.49130832	5.0234142e-05	
ser_ant_s.DT0         	0.10034281	0.1001571	0.00052155993	
ser_ant_s.Y1          	0.010237961	0.010233712	0.00010802839	
rhom_s.Y0             	0.49105114	0.49109416	5.9873207e-05	
rhom_s.DT0            	0.1007117	0.10053813	0.00043165521	
rhom_s.Y1             	0.008662403	0.0087576319	6.3304782e-05	
rhom_i.Y0             	0.58180639	0.58185541	6.2127035e-05	
rhom_i.DT0            	0.10024638	0.10002585	0.00029207734	
rhom_i.Y1             	0.0091360311	0.0092125601	4.9876583e-05	
lev_scap.Y0           	0.214272	0.21429403	5.5759572e-05	
lev_scap.DT0          	0.10109271	0.1004755	0.00052217383	
lev_scap.Y1           	0.0098965975	0.0098607583	5.7338586e-05	
pect_min.Y0           	0.11855884	0.11868572	6.7267307e-05	
pect_min.DT0          	0.23465785	0.23463952	0.00056202535	
pect_min.Y1           	0.0096997718	0.009644732	5.1353899e-05	
delt_clav_a.Y0        	0.084273883	0.084280587	5.1895892e-05	
delt_clav_a.DT0       	0.44708061	0.44696786	0.00055751916	
delt_clav_a.Y1        	0.10761916	0.10761156	7.8737713e-05	
delt_scap_p.Y0        	0.73536623	0.73534996	6.0287424e-05	
delt_scap_p.DT0       	0.20727284	0.20743385	0.00034334798	
delt_scap_p.Y1        	0.11634731	0.11640946	5.4470303e-05	
delt_scap_m.Y0        	0.98646872	0.9864488	6.515639e-05	
delt_scap_m.DT0       	0.95679909	0.95707642	0.00044461857	
delt_scap_m.Y1        	0.14334965	0.1434103	8.6879053e-05	
lat_dors_m.Y0         	0.044330178	0.044326257	6.4064884e-05	
lat_dors_m.DT0        	0.14648884	0.14579266	0.00051875047	
lat_dors_m.Y1         	0.009872104	0.0098749963	6.097293e-05	
lat_dors_i.Y0         	0.077335551	0.077268509	8.5832591e-05	
lat_dors_i.DT0        	0.11289487	0.11182004	0.00056003266	
lat_dors_i.Y1         	0.0018949431	0.0018229443	4.7080472e-05	
pect_maj_clav_s.Y0    	0.013177712	0.013135636	9.3395063e-05	
pect_maj_clav_s.DT0   	0.23151846	0.23069802	0.00071850509	
pect_maj_clav_s.Y1    	0.088419435	0.088355926	7.5682162e-05	
pect_maj_thorax_i.Y0  	1.2630585e-05	9.6342677e-05	7.3594662e-05	
pect_maj_thorax_i.DT0 	0.34040837	0.34068796	0.00050002896	
pect_maj_thorax_i.Y1  	0.0094789115	0.0094907304	5.5152827e-05	
pect_maj_thorax_m.Y0  	0.0025295723	0.0025265195	4.9754515e-05	
pect_maj_thorax_m.DT0 	0.97624378	0.97701233	0.00047339697	
pect_maj_thorax_m.Y1  	0.012715511	0.012820815	7.837672e-05	
teres_maj.Y0          	0.25795521	0.25798767	7.4838919e-05	
teres_maj.DT0         	0.10025131	0.10020028	0.00024037054	
teres_maj.Y1          	0.00044842534	0.00046104754	4.9328492e-05	
infraspi_i.Y0         	0.33821665	0.33823848	5.6815801e-05	
infraspi_i.DT0        	0.56253019	0.56182813	0.00030877944	
infraspi_i.Y1         	0.0099712026	0.010019712	5.8375239e-05	
infraspi_s.Y0         	0.20753751	0.20742836	5.1583908e-05	
infraspi_s.DT0        	0.53387671	0.53452053	0.00067236951	
infraspi_s.Y1         	0.0046868793	0.0047597817	5.1426822e-05	
teres_min.Y0          	0.050357802	0.050323142	5.7232074e-05	
teres_min.DT0         	0.40928164	0.40841896	0.00061432965	
teres_min.Y1          	0.0072389071	0.0072997587	5.9617178e-05	
subscap_s.Y0          	0.70649451	0.70660157	8.5309472e-05	
subscap_s.DT0         	0.10001786	0.10000416	0.0002265944	
subscap_s.Y1          	0.0015284476	0.0015453996	4.9389172e-05	
subscap_i.Y0          	0.51499951	0.51511747	7.1273926e-05	
subscap_i.DT0         	0.1005938	0.10027049	0.00025819779	
subscap_i.Y1          	0.0091748532	0.0092222932	4.8363138e-05	
supraspi.Y0           	0.23868884	0.23872713	5.6675837e-05	
supraspi.DT0          	0.67208207	0.67172347	0.00059442479	
supraspi.Y1           	0.010553463	0.010633139	5.5195583e-05	
tri_long.Y0           	0.0054853231	0.0054917234	6.5521555e-05	
tri_long.DT0          	0.15927935	0.15958429	0.00069857291	
tri_long.Y1           	0.0047588973	0.0048538162	4.5355817e-05	
tri_lat.Y0            	0.47536377	0.47530209	5.3222597e-05	
tri_lat.DT0           	0.26002461	0.25969999	0.00046841566	
tri_lat.Y1            	0.24321966	0.24319552	8.5866176e-05	
coracobrach.Y0        	0.30216424	0.30222568	5.928835e-05	
coracobrach.DT0       	0.11235588	0.11239594	0.00044812007	
coracobrach.Y1        	0.0099040494	0.009728678	8.0333702e-05	
bic_long.Y0           	0.73741498	0.7373896	6.0601586e-05	
bic_long.DT0          	0.10190774	0.1015311	0.00034501882	
bic_long.Y1           	0.33483126	0.33472795	0.00010047533	
bic_brev.Y0           	0.02002232	0.02009003	6.3451862e-05	
bic_brev.DT0          	0.33292042	0.33247687	0.00059205809	
bic_brev.Y1           	0.044488477	0.044511229	5.9697489e-05	
brach.Y0              	0.58975299	0.58981105	5.6279099e-05	
brach.DT0             	0.10070302	0.10086526	0.00028502648	
brach.Y1              	0.009173037	0.0091741163	0.00010917016	
brachiorad.Y0         	0.015182265	0.015185014	5.7150885e-05	
brachiorad.DT0        	0.5246676	0.52459218	0.00070651187	
brachiorad.Y1         	0.00880529	0.0088375718	5.8963373e-05	
supinator.Y0          	0.34319676	0.34325089	6.1726114e-05	
supinator.DT0         	0.10580192	0.10636938	0.00058333947	
supinator.Y1          	0.059027236	0.058996736	8.1270072e-05	
pronator_teres.Y0     	0.36076832	0.36081403	8.414899e-05	
pronator_teres.DT0    	0.10126402	0.1003877	0.00050395031	
pronator_teres.Y1     	0.01137131	0.01131841	6.7178716e-05	
ext_carpi_rad_long.Y0 	0.51620356	0.51622594	5.9573387e-05	
ext_carpi_rad_long.DT0	0.10143962	0.10208575	0.00048973205	
ext_carpi_rad_long.Y1 	0.030070299	0.030003966	5.8689626e-05	
ext_carpi_rad_brev.Y0 	0.043293002	0.043332455	5.3304596e-05	
ext_carpi_rad_brev.DT0	0.60645714	0.60635314	0.00057694829	
ext_carpi_rad_brev.Y1 	0.018395834	0.018356139	6.6515174e-05	
ext_carpi_ulna.Y0     	0.33468081	0.33480721	5.3116322e-05	
ext_carpi_ulna.DT0    	0.10499222	0.10519824	0.00045545449	
ext_carpi_ulna.Y1     	0.024571646	0.024501895	7.6617385e-05	
flex_carpi_rad.Y0     	0.07089345	0.070949385	0.00010618764	
flex_carpi_rad.DT0    	0.98938883	0.98890921	0.00052827925	
flex_carpi_rad.Y1     	0.0017489343	0.0016661092	6.3411245e-05	
flex_carpi_ulna.Y0    	0.70182019	0.7018913	6.0373806e-05	
flex_carpi_ulna.DT0   	0.10015909	0.10012638	0.00034891997	
flex_carpi_ulna.Y1    	0.0027598484	0.0027704399	6.5543867e-05	
