trap_scap_m.Y0        	0.53241829	0.53234726	0.00022880708	
trap_scap_m.DT0       	0.33395734	0.33592514	0.0020510452	
trap_scap_m.Y1        	0.18109332	0.18245732	0.00079088376	
trap_scap_s.Y0        	0.48167196	0.48201283	0.0002722072	
trap_scap_s.DT0       	0.10587735	0.10680051	0.00085896368	
trap_scap_s.Y1        	0.95842166	0.95867756	0.00021687549	
trap_scap_i.Y0        	0.14585146	0.14568402	0.00024603354	
trap_scap_i.DT0       	0.99803648	0.9971069	0.0018884842	
trap_scap_i.Y1        	0.50689743	0.50706681	0.00018275447	
trap_clav_s.Y0        	0.031546232	0.031587749	0.00024485377	
trap_clav_s.DT0       	0.99959472	0.99711085	0.0015941923	
trap_clav_s.Y1        	0.59862998	0.59883467	0.00044444685	
ser_ant_i.Y0          	0.59221421	0.59225127	0.00034285856	
ser_ant_i.DT0         	0.10045812	0.10327986	0.0010655704	
ser_ant_i.Y1          	0.99160904	0.99190921	0.00019191648	
ser_ant_m.Y0          	0.2864018	0.28664475	0.00020479538	
ser_ant_m.DT0         	0.10097728	0.10143336	0.0012149537	
ser_ant_m.Y1          	0.72154035	0.72194038	0.00058870922	
ser_ant_s.Y0          	0.42619599	0.42593268	0.00015889839	
ser_ant_s.DT0         	0.85226465	0.85300126	0.0015202258	
ser_ant_s.Y1          	0.0025195891	0.0030112589	0.00032487311	
rhom_s.Y0             	0.56189638	0.56206334	0.00022499513	
rhom_s.DT0            	0.22024922	0.21914021	0.0015741767	
rhom_s.Y1             	0.16337332	0.16345253	0.00053484343	
rhom_i.Y0             	0.075593583	0.075439214	0.00020739622	
rhom_i.DT0            	0.95980484	0.95972657	0.00086338263	
rhom_i.Y1             	0.0095223005	0.009481305	0.00017836858	
lev_scap.Y0           	0.22859632	0.22844162	0.00016984439	
lev_scap.DT0          	0.21575303	0.21736836	0.0016529724	
lev_scap.Y1           	0.014931125	0.014763484	0.00020050713	
pect_min.Y0           	0.027072604	0.027184833	0.00034355039	
pect_min.DT0          	0.52399436	0.52259513	0.0019299661	
pect_min.Y1           	0.0018170918	0.0019452015	0.00017092031	
delt_clav_a.Y0        	0.15305734	0.15315181	0.00021002809	
delt_clav_a.DT0       	0.20991282	0.20969529	0.0015997138	
delt_clav_a.Y1        	0.39254598	0.39264699	0.00034779683	
delt_scap_p.Y0        	0.19470934	0.1946871	0.00027093364	
delt_scap_p.DT0       	0.97407843	0.97480172	0.00071475931	
delt_scap_p.Y1        	0.42217505	0.42227556	0.00030891129	
delt_scap_m.Y0        	0.999755	0.99996035	0.0001683643	
delt_scap_m.DT0       	0.99693653	0.99846642	0.0013546629	
delt_scap_m.Y1        	0.51489972	0.51472738	0.00047728859	
lat_dors_m.Y0         	0.0017511128	0.001600208	0.00023061317	
lat_dors_m.DT0        	0.19893603	0.19550001	0.0015546527	
lat_dors_m.Y1         	0.0060348318	0.0061860412	0.00018360559	
lat_dors_i.Y0         	0.0023225406	0.0023690667	0.00026527791	
lat_dors_i.DT0        	0.59531109	0.59818021	0.0020541741	
lat_dors_i.Y1         	0.0091652377	0.0091467044	0.00015299308	
pect_maj_clav_s.Y0    	0.013777225	0.013942605	0.00033639219	
pect_maj_clav_s.DT0   	0.99935417	0.99895848	0.0012898571	
pect_maj_clav_s.Y1    	0.51787033	0.51808288	0.00057720193	
pect_maj_thorax_i.Y0  	0.17569608	0.17514653	0.00026361476	
pect_maj_thorax_i.DT0 	0.10044663	0.10145918	0.0012298717	
pect_maj_thorax_i.Y1  	0.0013418075	0.0010545579	0.00016981311	
pect_maj_thorax_m.Y0  	0.014633315	0.014594663	0.00015449522	
pect_maj_thorax_m.DT0 	0.77865647	0.7792704	0.0014838224	
pect_maj_thorax_m.Y1  	0.00070700478	0.00044907906	0.00023504142	
teres_maj.Y0          	0.0015233217	0.0015767777	0.00027374025	
teres_maj.DT0         	0.16908824	0.16987559	0.00074139037	
teres_maj.Y1          	0.00061082191	0.00078175417	0.00015520565	
infraspi_i.Y0         	0.9399936	0.94015869	0.00025581282	
infraspi_i.DT0        	0.21677752	0.21648511	0.00067788064	
infraspi_i.Y1         	0.010089763	0.0099111208	0.00019709464	
infraspi_s.Y0         	0.0062844509	0.0060911572	0.00017343156	
infraspi_s.DT0        	0.54058596	0.54116477	0.0024551909	
infraspi_s.Y1         	0.0044341294	0.0045048799	0.00016341795	
teres_min.Y0          	0.060803008	0.060711928	0.00018903359	
teres_min.DT0         	0.7109856	0.71148267	0.0019630623	
teres_min.Y1          	0.0064480122	0.0064124035	0.00020667539	
subscap_s.Y0          	0.0035076843	0.0038656327	0.00030745691	
subscap_s.DT0         	0.81740388	0.819863	0.00078875382	
subscap_s.Y1          	0.19270763	0.19249903	0.00015018181	
subscap_i.Y0          	0.42904735	0.42910014	0.00025145773	
subscap_i.DT0         	0.10485892	0.10597772	0.001484463	
subscap_i.Y1          	0.0082082411	0.0079876847	0.00016694223	
supraspi.Y0           	0.44739146	0.44744553	0.00032456776	
supraspi.DT0          	0.66099723	0.66181086	0.0017290469	
supraspi.Y1           	0.0034606501	0.0036535037	0.00021188185	
tri_long.Y0           	7.1397327e-05	1.2935412e-05	0.00019938018	
tri_long.DT0          	0.84951449	0.8484421	0.0019315305	
tri_long.Y1           	0.10508905	0.10513928	0.00012700465	
tri_lat.Y0            	0.79928552	0.79929399	0.00018703407	
tri_lat.DT0           	0.28187112	0.28259177	0.0017034613	
tri_lat.Y1            	0.50219476	0.5022917	0.0002378456	
coracobrach.Y0        	0.00015445465	0.00039442449	0.00020111072	
coracobrach.DT0       	0.54132962	0.5419848	0.0014632556	
coracobrach.Y1        	0.045489888	0.045487564	0.00063041773	
bic_long.Y0           	0.88100587	0.88115367	0.00035041738	
bic_long.DT0          	0.35495018	0.35471094	0.0010619582	
bic_long.Y1           	0.66364801	0.66364179	0.00035199195	
bic_brev.Y0           	0.03065234	0.030087504	0.00020901646	
bic_brev.DT0          	0.99387137	0.99435713	0.001770207	
bic_brev.Y1           	0.20412791	0.2040909	0.00020418919	
brach.Y0              	0.64032713	0.64018905	0.00019640573	
brach.DT0             	0.13055319	0.13236523	0.00096430317	
brach.Y1              	0.008199071	0.0081334886	0.00031864501	
brachiorad.Y0         	0.024858569	0.024649005	0.00021585148	
brachiorad.DT0        	0.99617891	0.9966135	0.0019380027	
brachiorad.Y1         	0.25094299	0.25074375	0.00024819264	
supinator.Y0          	0.37305105	0.37302169	0.00026303108	
supinator.DT0         	0.39924001	0.39856821	0.0022959825	
supinator.Y1          	0.081420416	0.081691825	0.00031229159	
pronator_teres.Y0     	0.31202836	0.31162083	0.00027630277	
pronator_teres.DT0    	0.91665569	0.91767606	0.0015800596	
pronator_teres.Y1     	0.052806088	0.052543761	0.00041414913	
ext_carpi_rad_long.Y0 	0.15503808	0.15548769	0.00024781531	
ext_carpi_rad_long.DT0	0.69257188	0.69432827	0.0018114437	
ext_carpi_rad_long.Y1 	0.18014629	0.18042197	0.00030941455	
ext_carpi_rad_brev.Y0 	0.0076110947	0.0076896197	0.00017656424	
ext_carpi_rad_brev.DT0	0.73051047	0.73088069	0.0020072345	
ext_carpi_rad_brev.Y1 	0.19533258	0.19532677	0.00039019782	
ext_carpi_ulna.Y0     	0.0057055952	0.0058203469	0.0002338788	
ext_carpi_ulna.DT0    	0.90010432	0.90130491	0.0014822381	
ext_carpi_ulna.Y1     	0.13301162	0.13270863	0.00026748676	
flex_carpi_rad.Y0     	0.32494869	0.32498179	0.0003513006	
flex_carpi_rad.DT0    	0.27603903	0.27390583	0.0016216498	
flex_carpi_rad.Y1     	0.012667032	0.01257658	0.00021715128	
flex_carpi_ulna.Y0    	0.77126657	0.77173439	0.00022331075	
flex_carpi_ulna.DT0   	0.10183455	0.10306208	0.0011232684	
flex_carpi_ulna.Y1    	0.095754215	0.095757042	0.00034896503	
