Up.trap_scap_m.Y0        	0.034003216	0.034036454	8.2052384e-05	
Up.trap_scap_m.DT0       	0.45771125	0.45766873	8.0782414e-05	
Up.trap_scap_m.Y1        	0.031539362	0.031598561	8.2510558e-05	
Up.trap_scap_s.Y0        	0.25788104	0.25778844	7.995732e-05	
Up.trap_scap_s.DT0       	0.42747789	0.42749113	8.0235053e-05	
Up.trap_scap_s.Y1        	0.12502614	0.12503354	8.0808108e-05	
Up.trap_scap_i.Y0        	0.032774555	0.032731103	8.1185444e-05	
Up.trap_scap_i.DT0       	0.4650988	0.46515281	8.0890929e-05	
Up.trap_scap_i.Y1        	0.14910841	0.14908553	8.2922064e-05	
Up.trap_clav_s.Y0        	0.12725117	0.12719389	8.0140308e-05	
Up.trap_clav_s.DT0       	0.69748898	0.69744554	8.1392596e-05	
Up.trap_clav_s.Y1        	0.13595738	0.1360075	8.0076945e-05	
Up.ser_ant_i.Y0          	0.20212779	0.20215818	7.9708871e-05	
Up.ser_ant_i.DT0         	0.40096586	0.40091138	7.9062809e-05	
Up.ser_ant_i.Y1          	0.29624328	0.29627513	8.7813481e-05	
Up.ser_ant_m.Y0          	0.065185257	0.065137935	8.0078329e-05	
Up.ser_ant_m.DT0         	0.48104982	0.48102152	7.9195019e-05	
Up.ser_ant_m.Y1          	0.084311148	0.084384801	8.2471217e-05	
Up.ser_ant_s.Y0          	0.24290359	0.24287023	8.0026325e-05	
Up.ser_ant_s.DT0         	0.37977641	0.3797381	7.9429179e-05	
Up.ser_ant_s.Y1          	0.0098019222	0.0097199289	7.8548862e-05	
Up.rhom_s.Y0             	0.23650485	0.23648308	8.149268e-05	
Up.rhom_s.DT0            	0.29195852	0.29201862	8.1688372e-05	
Up.rhom_s.Y1             	0.0035155188	0.0034450488	8.0373666e-05	
Up.rhom_i.Y0             	0.05747472	0.057586475	8.025146e-05	
Up.rhom_i.DT0            	0.54286137	0.54291097	8.1080143e-05	
Up.rhom_i.Y1             	0.0056780318	0.005713567	8.0010414e-05	
Up.lev_scap.Y0           	0.080457797	0.080431521	8.1920481e-05	
Up.lev_scap.DT0          	0.62511218	0.62508755	8.1583978e-05	
Up.lev_scap.Y1           	0.018547498	0.018597062	8.5786314e-05	
Up.pect_min.Y0           	0.1241602	0.12415117	8.125013e-05	
Up.pect_min.DT0          	0.71309111	0.71323947	8.0700219e-05	
Up.pect_min.Y1           	0.0018219942	0.0017601392	7.6940415e-05	
Up.delt_clav_a.Y0        	0.28505891	0.28499143	8.1498548e-05	
Up.delt_clav_a.DT0       	0.42393244	0.42390753	8.0735157e-05	
Up.delt_clav_a.Y1        	0.15116497	0.1512755	8.7325163e-05	
Up.delt_scap_p.Y0        	0.49767598	0.4975616	8.0325787e-05	
Up.delt_scap_p.DT0       	0.45818369	0.45818024	7.8827871e-05	
Up.delt_scap_p.Y1        	0.034697184	0.034670325	6.7989941e-05	
Up.delt_scap_m.Y0        	0.50455197	0.50449644	8.2929663e-05	
Up.delt_scap_m.DT0       	0.65561316	0.6555567	8.0087415e-05	
Up.delt_scap_m.Y1        	0.30783255	0.30783723	0.00011058908	
Up.lat_dors_m.Y0         	0.00039048805	0.00080611054	0.00047536388	
Up.lat_dors_m.DT0        	0.64505344	0.64601213	0.0047437318	
Up.lat_dors_m.Y1         	0.088607176	0.088333166	0.00048748149	
Up.lat_dors_i.Y0         	0.010153423	0.010625154	0.00049218557	
Up.lat_dors_i.DT0        	0.5028967	0.51010371	0.0049708712	
Up.lat_dors_i.Y1         	0.0059635988	0.0059783516	0.00048115972	
Up.pect_maj_clav_s.Y0    	0.021052991	0.021156298	8.0658588e-05	
Up.pect_maj_clav_s.DT0   	0.55282648	0.55288393	8.0885834e-05	
Up.pect_maj_clav_s.Y1    	0.24819163	0.24826186	8.6149677e-05	
Up.pect_maj_thorax_i.Y0  	0.0058039816	0.0058626487	7.8255695e-05	
Up.pect_maj_thorax_i.DT0 	0.59492411	0.59491738	8.0934212e-05	
Up.pect_maj_thorax_i.Y1  	0.00051109749	0.00044341027	7.8047299e-05	
Up.pect_maj_thorax_m.Y0  	0.0051013429	0.0050540891	7.9481391e-05	
Up.pect_maj_thorax_m.DT0 	0.60621262	0.60624322	7.9253418e-05	
Up.pect_maj_thorax_m.Y1  	0.03507157	0.03500048	8.0322397e-05	
Up.teres_maj.Y0          	0.0074839769	0.0075411445	7.9994355e-05	
Up.teres_maj.DT0         	0.36417124	0.3641913	8.1145992e-05	
Up.teres_maj.Y1          	0.0037569482	0.0038677829	7.8694619e-05	
Up.infraspi_i.Y0         	0.33635902	0.33643405	8.1347295e-05	
Up.infraspi_i.DT0        	0.49461708	0.49456287	8.1140391e-05	
Up.infraspi_i.Y1         	0.070005884	0.070030687	7.5232428e-05	
Up.infraspi_s.Y0         	0.27956955	0.2795862	8.2074825e-05	
Up.infraspi_s.DT0        	0.3091707	0.30920771	7.9532041e-05	
Up.infraspi_s.Y1         	0.21305891	0.21299346	9.2129296e-05	
Up.teres_min.Y0          	0.30838151	0.30839187	8.1595262e-05	
Up.teres_min.DT0         	0.46472804	0.46470847	8.3164225e-05	
Up.teres_min.Y1          	0.0011019442	0.0012187695	7.8306347e-05	
Up.subscap_s.Y0          	0.012307404	0.012431574	8.205005e-05	
Up.subscap_s.DT0         	0.66014731	0.66017026	8.1145278e-05	
Up.subscap_s.Y1          	0.061755009	0.061803442	8.0363122e-05	
Up.subscap_i.Y0          	0.074002104	0.073943827	8.2884995e-05	
Up.subscap_i.DT0         	0.52182163	0.5217825	7.9589171e-05	
Up.subscap_i.Y1          	0.017679654	0.017721307	7.8989839e-05	
Up.supraspi.Y0           	0.11181431	0.11178234	8.117843e-05	
Up.supraspi.DT0          	0.54700782	0.54698055	7.9697957e-05	
Up.supraspi.Y1           	0.15665572	0.15669894	8.0527652e-05	
Up.tri_long.Y0           	0.065987392	0.066133023	7.8984995e-05	
Up.tri_long.DT0          	0.51445464	0.51448441	7.8730254e-05	
Up.tri_long.Y1           	0.0050493494	0.0050405367	7.863089e-05	
Up.tri_lat.Y0            	0.056441025	0.056464571	7.8288041e-05	
Up.tri_lat.DT0           	0.64441595	0.64447093	8.0102044e-05	
Up.tri_lat.Y1            	0.22318652	0.2232039	9.0771115e-05	
Up.coracobrach.Y0        	0.13075919	0.13079454	7.845339e-05	
Up.coracobrach.DT0       	0.44623587	0.44612827	8.0907496e-05	
Up.coracobrach.Y1        	0.05175457	0.051779178	8.025764e-05	
Up.bic_long.Y0           	0.53689843	0.53699665	8.3305889e-05	
Up.bic_long.DT0          	0.4420149	0.44191565	8.0990232e-05	
Up.bic_long.Y1           	0.014972971	0.014903434	8.1090186e-05	
Up.bic_brev.Y0           	0.20002276	0.20008071	8.0874501e-05	
Up.bic_brev.DT0          	0.4553603	0.45518119	8.0974534e-05	
Up.bic_brev.Y1           	0.0085528628	0.0085430561	7.7869021e-05	
Up.brach.Y0              	0.61795022	0.61787101	8.0395885e-05	
Up.brach.DT0             	0.41533186	0.4153289	8.1251901e-05	
Up.brach.Y1              	0.022627896	0.022649134	7.8217603e-05	
Up.brachiorad.Y0         	0.044222715	0.044332604	8.1312764e-05	
Up.brachiorad.DT0        	0.7800585	0.78010959	8.1263493e-05	
Up.brachiorad.Y1         	0.0066036304	0.0065515736	7.8489909e-05	
Up.supinator.Y0          	0.18209715	0.18216953	8.1144201e-05	
Up.supinator.DT0         	0.5589738	0.55901321	8.0563525e-05	
Up.supinator.Y1          	0.081250962	0.08123719	8.178114e-05	
Up.pronator_teres.Y0     	0.036018046	0.036042682	8.0556805e-05	
Up.pronator_teres.DT0    	0.3337457	0.33371425	8.2331814e-05	
Up.pronator_teres.Y1     	0.046980607	0.046942545	8.3839735e-05	
Up.ext_carpi_rad_long.Y0 	0.19475601	0.19413064	0.0016702805	
Up.ext_carpi_rad_long.DT0	0.47081876	0.47117738	0.0017673876	
Up.ext_carpi_rad_long.Y1 	0.02283796	0.022449456	0.0017462294	
Up.ext_carpi_rad_brev.Y0 	0.11132014	0.11137248	8.1204953e-05	
Up.ext_carpi_rad_brev.DT0	0.78185357	0.78209696	8.027106e-05	
Up.ext_carpi_rad_brev.Y1 	0.10225218	0.10232025	8.2115823e-05	
Up.ext_carpi_ulna.Y0     	0.18606436	0.18618573	8.1263924e-05	
Up.ext_carpi_ulna.DT0    	0.12696071	0.1269817	8.0674841e-05	
Up.ext_carpi_ulna.Y1     	0.077797147	0.077839285	8.2568391e-05	
Up.flex_carpi_rad.Y0     	0.14969891	0.14983183	8.0782014e-05	
Up.flex_carpi_rad.DT0    	0.16627601	0.16619987	8.0351352e-05	
Up.flex_carpi_rad.Y1     	0.0045549082	0.00456528	7.9426676e-05	
Up.flex_carpi_ulna.Y0    	0.017073444	0.017031469	8.2687718e-05	
Up.flex_carpi_ulna.DT0   	0.32672646	0.32671524	8.1249315e-05	
Up.flex_carpi_ulna.Y1    	0.004644511	0.0046104316	7.7933891e-05	
Fr.trap_scap_m.Y0        	0.097855621	0.097941672	8.1229055e-05	
Fr.trap_scap_m.DT0       	0.66376968	0.66377507	8.0624104e-05	
Fr.trap_scap_m.Y1        	0.058517602	0.058546341	8.0590384e-05	
Fr.trap_scap_s.Y0        	0.35516624	0.35517531	8.0693923e-05	
Fr.trap_scap_s.DT0       	0.79751704	0.79752073	7.9773204e-05	
Fr.trap_scap_s.Y1        	0.029858294	0.02987514	7.6999008e-05	
Fr.trap_scap_i.Y0        	0.053196308	0.053332388	8.0716458e-05	
Fr.trap_scap_i.DT0       	0.45838083	0.45853451	8.2994796e-05	
Fr.trap_scap_i.Y1        	0.16864276	0.16872113	7.7713317e-05	
Fr.trap_clav_s.Y0        	0.16079148	0.16077094	8.1970248e-05	
Fr.trap_clav_s.DT0       	0.55544232	0.55535788	8.1420675e-05	
Fr.trap_clav_s.Y1        	0.094208477	0.094214344	8.053218e-05	
Fr.ser_ant_i.Y0          	0.24461629	0.24473648	8.195247e-05	
Fr.ser_ant_i.DT0         	0.16566301	0.1657101	8.1226074e-05	
Fr.ser_ant_i.Y1          	0.31439696	0.31436156	8.7650321e-05	
Fr.ser_ant_m.Y0          	0.0090447727	0.0091624521	8.0232906e-05	
Fr.ser_ant_m.DT0         	0.68487125	0.68495834	8.0429131e-05	
Fr.ser_ant_m.Y1          	0.18130657	0.1813399	8.1567369e-05	
Fr.ser_ant_s.Y0          	0.08516011	0.085257897	8.1480747e-05	
Fr.ser_ant_s.DT0         	0.40131765	0.40122048	8.2823434e-05	
Fr.ser_ant_s.Y1          	0.018603664	0.018620662	8.1920536e-05	
Fr.rhom_s.Y0             	0.21559223	0.21567468	8.2624645e-05	
Fr.rhom_s.DT0            	0.28718906	0.28720815	7.9933735e-05	
Fr.rhom_s.Y1             	0.007639498	0.0076481788	7.9966782e-05	
Fr.rhom_i.Y0             	0.12726315	0.12728019	7.9868317e-05	
Fr.rhom_i.DT0            	0.58722214	0.58722958	8.1372006e-05	
Fr.rhom_i.Y1             	0.0025280415	0.0025198145	7.6648321e-05	
Fr.lev_scap.Y0           	0.12677753	0.12666535	8.0463981e-05	
Fr.lev_scap.DT0          	0.31640748	0.31637853	7.9619417e-05	
Fr.lev_scap.Y1           	0.0083262909	0.0083663475	7.8900742e-05	
Fr.pect_min.Y0           	0.064273222	0.064331425	8.0735736e-05	
Fr.pect_min.DT0          	0.59311291	0.59318079	8.0650176e-05	
Fr.pect_min.Y1           	0.008517852	0.0084376562	7.9621938e-05	
Fr.delt_clav_a.Y0        	0.27642973	0.27645848	8.0975548e-05	
Fr.delt_clav_a.DT0       	0.72765287	0.72780351	8.0057267e-05	
Fr.delt_clav_a.Y1        	0.19760894	0.19763763	8.0280529e-05	
Fr.delt_scap_p.Y0        	0.00066082617	0.0007096326	7.7832485e-05	
Fr.delt_scap_p.DT0       	0.34747986	0.34743677	8.2744021e-05	
Fr.delt_scap_p.Y1        	0.0041995982	0.0042651576	8.2717362e-05	
Fr.delt_scap_m.Y0        	0.2409554	0.24080778	8.2048497e-05	
Fr.delt_scap_m.DT0       	0.2899214	0.28990044	7.8640462e-05	
Fr.delt_scap_m.Y1        	0.17836366	0.17828106	7.3843122e-05	
Fr.lat_dors_m.Y0         	0.30178273	0.30159137	0.00052875371	
Fr.lat_dors_m.DT0        	0.19929906	0.2070381	0.0047397068	
Fr.lat_dors_m.Y1         	0.0045888698	0.0048588433	0.00048350631	
Fr.lat_dors_i.Y0         	0.35063522	0.35063917	0.00054057348	
Fr.lat_dors_i.DT0        	0.41177547	0.41018303	0.0041963291	
Fr.lat_dors_i.Y1         	0.0031423352	0.0030408426	0.00047482278	
Fr.pect_maj_clav_s.Y0    	0.24747464	0.24746616	7.9831262e-05	
Fr.pect_maj_clav_s.DT0   	0.59404389	0.59394146	8.2378535e-05	
Fr.pect_maj_clav_s.Y1    	0.25053241	0.25056041	8.0561103e-05	
Fr.pect_maj_thorax_i.Y0  	0.27417603	0.27428062	8.1992119e-05	
Fr.pect_maj_thorax_i.DT0 	0.52546727	0.52545977	7.8862207e-05	
Fr.pect_maj_thorax_i.Y1  	0.057172056	0.057240997	8.3968944e-05	
Fr.pect_maj_thorax_m.Y0  	0.079755014	0.079792123	8.1290609e-05	
Fr.pect_maj_thorax_m.DT0 	0.57537941	0.57534245	8.0011439e-05	
Fr.pect_maj_thorax_m.Y1  	0.24332705	0.24337391	8.0881195e-05	
Fr.teres_maj.Y0          	0.23823476	0.2382051	8.0911648e-05	
Fr.teres_maj.DT0         	0.25996762	0.2599905	8.1702631e-05	
Fr.teres_maj.Y1          	0.0067516164	0.0067941543	7.8674741e-05	
Fr.infraspi_i.Y0         	0.026918737	0.026853909	8.107354e-05	
Fr.infraspi_i.DT0        	0.50938806	0.50932826	7.8655848e-05	
Fr.infraspi_i.Y1         	0.0067082292	0.0067135387	7.8076944e-05	
Fr.infraspi_s.Y0         	0.020209769	0.02022865	8.0258773e-05	
Fr.infraspi_s.DT0        	0.49557376	0.49548993	7.8950063e-05	
Fr.infraspi_s.Y1         	0.025145496	0.025150241	7.9910272e-05	
Fr.teres_min.Y0          	0.035552602	0.03559144	7.9965083e-05	
Fr.teres_min.DT0         	0.36631347	0.36632735	8.1594582e-05	
Fr.teres_min.Y1          	0.0022988806	0.002259742	7.95058e-05	
Fr.subscap_s.Y0          	0.042632552	0.04268255	7.9458346e-05	
Fr.subscap_s.DT0         	0.63357639	0.6335677	8.0879391e-05	
Fr.subscap_s.Y1          	0.09409916	0.094135801	8.0372203e-05	
Fr.subscap_i.Y0          	0.16433867	0.16417444	8.2287985e-05	
Fr.subscap_i.DT0         	0.31438095	0.31449434	8.0079743e-05	
Fr.subscap_i.Y1          	0.0066756872	0.0067727256	7.7146481e-05	
Fr.supraspi.Y0           	0.36085737	0.360811	8.2634383e-05	
Fr.supraspi.DT0          	0.59409237	0.59401366	7.970634e-05	
Fr.supraspi.Y1           	0.050956413	0.050994437	8.4208482e-05	
Fr.tri_long.Y0           	0.003135688	0.003092227	7.9540591e-05	
Fr.tri_long.DT0          	0.36934693	0.36935502	8.092014e-05	
Fr.tri_long.Y1           	0.0010637402	0.001091523	7.8872811e-05	
Fr.tri_lat.Y0            	0.012433997	0.01241631	7.7992243e-05	
Fr.tri_lat.DT0           	0.39723205	0.39722186	8.0748841e-05	
Fr.tri_lat.Y1            	0.13240096	0.13246238	7.8337657e-05	
Fr.coracobrach.Y0        	0.055930947	0.055865697	8.257198e-05	
Fr.coracobrach.DT0       	0.48183845	0.48188107	8.1503568e-05	
Fr.coracobrach.Y1        	0.061525092	0.061441585	8.0233145e-05	
Fr.bic_long.Y0           	0.17419536	0.17420405	8.2309408e-05	
Fr.bic_long.DT0          	0.41123595	0.41131959	8.0936197e-05	
Fr.bic_long.Y1           	0.15797288	0.15791977	8.042523e-05	
Fr.bic_brev.Y0           	0.071224479	0.071281978	8.1112058e-05	
Fr.bic_brev.DT0          	0.62506022	0.62509229	8.152898e-05	
Fr.bic_brev.Y1           	0.086728672	0.086756882	7.8767813e-05	
Fr.brach.Y0              	0.020565789	0.020493542	7.9560502e-05	
Fr.brach.DT0             	0.81738124	0.81736784	8.007952e-05	
Fr.brach.Y1              	0.011441735	0.011456272	8.1417405e-05	
Fr.brachiorad.Y0         	0.043233197	0.043242593	7.9534065e-05	
Fr.brachiorad.DT0        	0.282119	0.28225675	8.0879312e-05	
Fr.brachiorad.Y1         	0.0041881755	0.0042041804	7.9730191e-05	
Fr.supinator.Y0          	0.21404014	0.21397924	8.0794584e-05	
Fr.supinator.DT0         	0.58861865	0.5886493	8.1339895e-05	
Fr.supinator.Y1          	0.051589524	0.051652988	8.1261459e-05	
Fr.pronator_teres.Y0     	0.15079812	0.15086674	8.1473574e-05	
Fr.pronator_teres.DT0    	0.56290246	0.56283132	8.1032323e-05	
Fr.pronator_teres.Y1     	0.09847436	0.098580992	8.2938282e-05	
Fr.ext_carpi_rad_long.Y0 	0.0033377677	0.0021440727	0.0015499476	
Fr.ext_carpi_rad_long.DT0	0.6150724	0.61519967	0.0017397892	
Fr.ext_carpi_rad_long.Y1 	0.086082204	0.087459604	0.0013364989	
Fr.ext_carpi_rad_brev.Y0 	0.027738487	0.027765896	8.0941669e-05	
Fr.ext_carpi_rad_brev.DT0	0.48648145	0.48642624	8.0221765e-05	
Fr.ext_carpi_rad_brev.Y1 	0.13706818	0.13697114	8.033652e-05	
Fr.ext_carpi_ulna.Y0     	0.028272709	0.028318181	8.1255084e-05	
Fr.ext_carpi_ulna.DT0    	0.43976376	0.43970159	8.0987496e-05	
Fr.ext_carpi_ulna.Y1     	0.0076334053	0.0075620774	8.2077261e-05	
Fr.flex_carpi_rad.Y0     	0.036929553	0.037022906	8.2622005e-05	
Fr.flex_carpi_rad.DT0    	0.63341474	0.63330829	7.9801829e-05	
Fr.flex_carpi_rad.Y1     	0.0036946502	0.0037363108	8.0166132e-05	
Fr.flex_carpi_ulna.Y0    	0.0040787304	0.0040729597	7.9738989e-05	
Fr.flex_carpi_ulna.DT0   	0.28739934	0.28745002	8.0739034e-05	
Fr.flex_carpi_ulna.Y1    	0.015150587	0.01515458	7.8223583e-05	
Bh.trap_scap_m.Y0        	0.29892044	0.29908147	8.1852761e-05	
Bh.trap_scap_m.DT0       	0.6395537	0.63958789	8.0557547e-05	
Bh.trap_scap_m.Y1        	0.0011915635	0.0011617683	8.0747125e-05	
Bh.trap_scap_s.Y0        	0.071766728	0.071846178	8.0653884e-05	
Bh.trap_scap_s.DT0       	0.48457585	0.48451151	8.1344605e-05	
Bh.trap_scap_s.Y1        	0.012658634	0.012675588	8.3864393e-05	
Bh.trap_scap_i.Y0        	0.10028036	0.10028961	8.1483566e-05	
Bh.trap_scap_i.DT0       	0.43768935	0.43771694	8.1482835e-05	
Bh.trap_scap_i.Y1        	0.017373817	0.017308776	8.0328027e-05	
Bh.trap_clav_s.Y0        	0.043524555	0.043554776	7.9731038e-05	
Bh.trap_clav_s.DT0       	0.4030191	0.40310706	8.0845457e-05	
Bh.trap_clav_s.Y1        	0.0079480005	0.0080316775	7.9120306e-05	
Bh.ser_ant_i.Y0          	0.093062765	0.093065516	8.1605168e-05	
Bh.ser_ant_i.DT0         	0.50723805	0.50735569	8.3253319e-05	
Bh.ser_ant_i.Y1          	0.0047475337	0.004700218	7.582077e-05	
Bh.ser_ant_m.Y0          	0.14991205	0.14997065	8.1326527e-05	
Bh.ser_ant_m.DT0         	0.5065248	0.50652512	8.1992995e-05	
Bh.ser_ant_m.Y1          	0.064896582	0.064910733	8.3740133e-05	
Bh.ser_ant_s.Y0          	0.062388276	0.062401525	8.1941156e-05	
Bh.ser_ant_s.DT0         	0.89762102	0.89764251	8.1686199e-05	
Bh.ser_ant_s.Y1          	0.11220955	0.11230093	8.0399834e-05	
Bh.rhom_s.Y0             	0.08587375	0.085996406	8.2764046e-05	
Bh.rhom_s.DT0            	0.52981604	0.52983641	7.9174819e-05	
Bh.rhom_s.Y1             	0.10791967	0.10806208	7.9132959e-05	
Bh.rhom_i.Y0             	0.011373778	0.011257031	8.1207754e-05	
Bh.rhom_i.DT0            	0.48717881	0.48730885	8.2848711e-05	
Bh.rhom_i.Y1             	0.14015473	0.14018117	8.7056386e-05	
Bh.lev_scap.Y0           	0.083738394	0.083733319	8.0506171e-05	
Bh.lev_scap.DT0          	0.50973789	0.50966916	8.0309713e-05	
Bh.lev_scap.Y1           	0.10183997	0.1017979	8.0091225e-05	
Bh.pect_min.Y0           	0.015490217	0.015653925	7.8933244e-05	
Bh.pect_min.DT0          	0.80168601	0.80165733	8.072572e-05	
Bh.pect_min.Y1           	0.0569707	0.056912485	8.0029503e-05	
Bh.delt_clav_a.Y0        	0.0041091401	0.0041152817	8.1113288e-05	
Bh.delt_clav_a.DT0       	0.39639438	0.39636109	7.9550637e-05	
Bh.delt_clav_a.Y1        	0.0099883609	0.010062368	8.1264792e-05	
Bh.delt_scap_p.Y0        	0.082837158	0.082929603	8.085649e-05	
Bh.delt_scap_p.DT0       	0.65511889	0.65511431	8.0222677e-05	
Bh.delt_scap_p.Y1        	0.34298246	0.34294907	9.2854891e-05	
Bh.delt_scap_m.Y0        	0.038945063	0.039022766	7.8695482e-05	
Bh.delt_scap_m.DT0       	0.40313936	0.40312308	8.1726736e-05	
Bh.delt_scap_m.Y1        	0.051289476	0.051343069	7.8821566e-05	
Bh.lat_dors_m.Y0         	0.028354765	0.028572982	0.00051743748	
Bh.lat_dors_m.DT0        	0.40326814	0.40139865	0.0050116938	
Bh.lat_dors_m.Y1         	0.019485673	0.019881034	0.00050207404	
Bh.lat_dors_i.Y0         	0.045800004	0.045874946	0.00051388142	
Bh.lat_dors_i.DT0        	0.14482701	0.14584048	0.0050265272	
Bh.lat_dors_i.Y1         	0.0072723477	0.0072155875	0.0004903755	
Bh.pect_maj_clav_s.Y0    	0.32809818	0.32813047	8.3199807e-05	
Bh.pect_maj_clav_s.DT0   	0.26512444	0.26514186	8.1394208e-05	
Bh.pect_maj_clav_s.Y1    	0.24029744	0.24031794	8.3624963e-05	
Bh.pect_maj_thorax_i.Y0  	0.0058270313	0.0057296418	7.9488073e-05	
Bh.pect_maj_thorax_i.DT0 	0.61983156	0.61983245	8.0286417e-05	
Bh.pect_maj_thorax_i.Y1  	0.020380671	0.020471842	8.1817318e-05	
Bh.pect_maj_thorax_m.Y0  	0.015013034	0.015104751	7.8637368e-05	
Bh.pect_maj_thorax_m.DT0 	0.51032343	0.51034349	8.0331704e-05	
Bh.pect_maj_thorax_m.Y1  	0.24588876	0.24601748	8.2102524e-05	
Bh.teres_maj.Y0          	0.30690324	0.30679798	8.1017831e-05	
Bh.teres_maj.DT0         	0.59866855	0.59862146	7.9827051e-05	
Bh.teres_maj.Y1          	0.043058928	0.043082415	8.0498552e-05	
Bh.infraspi_i.Y0         	0.28687587	0.28689213	8.1100287e-05	
Bh.infraspi_i.DT0        	0.49420105	0.49422747	8.1564917e-05	
Bh.infraspi_i.Y1         	0.036666684	0.036702018	8.012556e-05	
Bh.infraspi_s.Y0         	0.32750838	0.32733042	8.1863827e-05	
Bh.infraspi_s.DT0        	0.49356714	0.49368464	8.1577293e-05	
Bh.infraspi_s.Y1         	0.0074680954	0.0073987212	7.9102072e-05	
Bh.teres_min.Y0          	0.10675614	0.1067619	8.0480537e-05	
Bh.teres_min.DT0         	0.57676932	0.57678292	8.0302834e-05	
Bh.teres_min.Y1          	0.019239996	0.019112094	8.2642253e-05	
Bh.subscap_s.Y0          	0.073295926	0.073382133	8.0128802e-05	
Bh.subscap_s.DT0         	0.44599047	0.44604348	8.0507321e-05	
Bh.subscap_s.Y1          	0.3043259	0.30439115	8.291431e-05	
Bh.subscap_i.Y0          	0.16403307	0.16403974	8.3054099e-05	
Bh.subscap_i.DT0         	0.51062228	0.51063404	8.2399141e-05	
Bh.subscap_i.Y1          	0.010619837	0.01060582	8.0702754e-05	
Bh.supraspi.Y0           	0.060261187	0.060206786	7.9764226e-05	
Bh.supraspi.DT0          	0.56421039	0.56424593	8.0714519e-05	
Bh.supraspi.Y1           	0.0093431992	0.0093690401	8.095196e-05	
Bh.tri_long.Y0           	0.28843547	0.2884706	8.089478e-05	
Bh.tri_long.DT0          	0.48607085	0.48599003	8.1207868e-05	
Bh.tri_long.Y1           	0.054708677	0.054717511	7.9915864e-05	
Bh.tri_lat.Y0            	0.0096392565	0.0096449345	7.7116457e-05	
Bh.tri_lat.DT0           	0.78775161	0.78772843	8.2284861e-05	
Bh.tri_lat.Y1            	0.067684181	0.0676172	8.0119246e-05	
Bh.coracobrach.Y0        	0.21073342	0.21066476	8.0477913e-05	
Bh.coracobrach.DT0       	0.5882513	0.58831784	8.1848461e-05	
Bh.coracobrach.Y1        	0.00020049234	0.00023371199	8.0660937e-05	
Bh.bic_long.Y0           	0.096734993	0.096741465	8.1440016e-05	
Bh.bic_long.DT0          	0.63846488	0.63851534	8.0247304e-05	
Bh.bic_long.Y1           	0.12167082	0.12174389	7.7897901e-05	
Bh.bic_brev.Y0           	0.16256273	0.16256364	8.1544189e-05	
Bh.bic_brev.DT0          	0.43348863	0.43348456	7.9834059e-05	
Bh.bic_brev.Y1           	0.089660802	0.089711166	8.0767181e-05	
Bh.brach.Y0              	0.22687773	0.2268721	7.9412427e-05	
Bh.brach.DT0             	0.53264202	0.53275396	8.1015022e-05	
Bh.brach.Y1              	0.043459847	0.043471154	7.9591829e-05	
Bh.brachiorad.Y0         	0.19377138	0.19372094	8.0914265e-05	
Bh.brachiorad.DT0        	0.31058784	0.31052344	7.9832666e-05	
Bh.brachiorad.Y1         	0.11319273	0.11314799	8.165925e-05	
Bh.supinator.Y0          	0.032209558	0.032275716	8.0805389e-05	
Bh.supinator.DT0         	0.47803552	0.47814449	8.0486964e-05	
Bh.supinator.Y1          	0.015243833	0.015279345	7.9320423e-05	
Bh.pronator_teres.Y0     	0.28582044	0.2858466	8.1886028e-05	
Bh.pronator_teres.DT0    	0.68159176	0.6815465	8.0957773e-05	
Bh.pronator_teres.Y1     	0.13941852	0.13952548	8.3002955e-05	
Bh.ext_carpi_rad_long.Y0 	0.18038223	0.17980518	0.0017275111	
Bh.ext_carpi_rad_long.DT0	0.52076117	0.5210627	0.001715727	
Bh.ext_carpi_rad_long.Y1 	0.011455377	0.0099061905	0.0013664805	
Bh.ext_carpi_rad_brev.Y0 	0.5701763	0.57022265	7.9824537e-05	
Bh.ext_carpi_rad_brev.DT0	0.57226825	0.57224805	8.1412373e-05	
Bh.ext_carpi_rad_brev.Y1 	0.00052826437	0.0005231187	7.7607291e-05	
Bh.ext_carpi_ulna.Y0     	0.53252716	0.53246782	8.1612327e-05	
Bh.ext_carpi_ulna.DT0    	0.53187966	0.53185975	8.0733834e-05	
Bh.ext_carpi_ulna.Y1     	0.032373335	0.032470275	8.1293573e-05	
Bh.flex_carpi_rad.Y0     	0.15245531	0.15242726	8.201039e-05	
Bh.flex_carpi_rad.DT0    	0.58553908	0.58554082	8.2508155e-05	
Bh.flex_carpi_rad.Y1     	0.16567445	0.16573545	8.3634171e-05	
Bh.flex_carpi_ulna.Y0    	0.20534131	0.20529342	8.0800655e-05	
Bh.flex_carpi_ulna.DT0   	0.24452847	0.2445848	7.9348789e-05	
Bh.flex_carpi_ulna.Y1    	0.1170207	0.11698839	8.7197721e-05	
Sd.trap_scap_m.Y0        	0.076934474	0.076984415	8.1571147e-05	
Sd.trap_scap_m.DT0       	0.45263698	0.45266732	7.9781732e-05	
Sd.trap_scap_m.Y1        	0.080612087	0.080522812	8.1561422e-05	
Sd.trap_scap_s.Y0        	0.25551876	0.25564369	8.2366768e-05	
Sd.trap_scap_s.DT0       	0.71743337	0.71739582	7.9494261e-05	
Sd.trap_scap_s.Y1        	0.13195962	0.13183559	8.1279592e-05	
Sd.trap_scap_i.Y0        	0.11465239	0.11464395	8.043486e-05	
Sd.trap_scap_i.DT0       	0.6970057	0.69707647	7.9262988e-05	
Sd.trap_scap_i.Y1        	0.035971476	0.035977956	8.1332896e-05	
Sd.trap_clav_s.Y0        	0.1275988	0.12759737	8.0368354e-05	
Sd.trap_clav_s.DT0       	0.44984561	0.44980149	8.0221969e-05	
Sd.trap_clav_s.Y1        	0.058685209	0.058650419	8.0622765e-05	
Sd.ser_ant_i.Y0          	0.26291532	0.2630083	8.2147238e-05	
Sd.ser_ant_i.DT0         	0.51270481	0.5127312	8.1920261e-05	
Sd.ser_ant_i.Y1          	0.22415699	0.22417771	8.3412167e-05	
Sd.ser_ant_m.Y0          	0.2523495	0.25236427	8.1498638e-05	
Sd.ser_ant_m.DT0         	0.60923596	0.60935881	8.0133136e-05	
Sd.ser_ant_m.Y1          	0.12603074	0.1259653	8.1011498e-05	
Sd.ser_ant_s.Y0          	0.15464582	0.15466829	8.0427299e-05	
Sd.ser_ant_s.DT0         	0.58276469	0.58285962	7.9163535e-05	
Sd.ser_ant_s.Y1          	0.034367926	0.034288533	8.1650773e-05	
Sd.rhom_s.Y0             	0.043788883	0.043837795	7.9751411e-05	
Sd.rhom_s.DT0            	0.45765416	0.45764941	7.9057017e-05	
Sd.rhom_s.Y1             	0.063443285	0.063452355	8.1960619e-05	
Sd.rhom_i.Y0             	0.068350865	0.068325381	8.1727037e-05	
Sd.rhom_i.DT0            	0.30023072	0.30024566	8.1614418e-05	
Sd.rhom_i.Y1             	0.0030765063	0.0029932425	8.0218408e-05	
Sd.lev_scap.Y0           	0.022646184	0.022700972	8.088157e-05	
Sd.lev_scap.DT0          	0.52933015	0.52942115	8.2426807e-05	
Sd.lev_scap.Y1           	0.011255254	0.011208486	7.9596261e-05	
Sd.pect_min.Y0           	0.0070492821	0.0069532333	7.9427198e-05	
Sd.pect_min.DT0          	0.68128122	0.68131174	8.1016822e-05	
Sd.pect_min.Y1           	0.0037260655	0.0036421344	7.9364797e-05	
Sd.delt_clav_a.Y0        	0.058912888	0.058999975	8.0595992e-05	
Sd.delt_clav_a.DT0       	0.4227437	0.42263952	8.0988717e-05	
Sd.delt_clav_a.Y1        	0.096857612	0.096854558	8.1473785e-05	
Sd.delt_scap_p.Y0        	0.084230914	0.084283477	7.9949037e-05	
Sd.delt_scap_p.DT0       	0.27261803	0.2725682	8.117305e-05	
Sd.delt_scap_p.Y1        	0.11987765	0.11995306	7.3148854e-05	
Sd.delt_scap_m.Y0        	0.36661978	0.36667544	8.0860461e-05	
Sd.delt_scap_m.DT0       	0.28206684	0.28200307	8.0461225e-05	
Sd.delt_scap_m.Y1        	0.28756486	0.28751083	7.7631827e-05	
Sd.lat_dors_m.Y0         	0.10392243	0.10382102	0.0004845148	
Sd.lat_dors_m.DT0        	0.98075386	0.98566208	0.0046410117	
Sd.lat_dors_m.Y1         	0.00099562965	0.00085125203	0.00046459769	
Sd.lat_dors_i.Y0         	0.012446796	0.01246312	0.00050485219	
Sd.lat_dors_i.DT0        	0.7689718	0.76578467	0.0050580522	
Sd.lat_dors_i.Y1         	0.0045287498	0.0040631716	0.00048306831	
Sd.pect_maj_clav_s.Y0    	0.032916673	0.032858896	8.0091133e-05	
Sd.pect_maj_clav_s.DT0   	0.52858684	0.52859276	8.2492962e-05	
Sd.pect_maj_clav_s.Y1    	0.14301661	0.14305893	8.1121407e-05	
Sd.pect_maj_thorax_i.Y0  	0.016469467	0.016468825	8.1367668e-05	
Sd.pect_maj_thorax_i.DT0 	0.60945853	0.60945178	8.063964e-05	
Sd.pect_maj_thorax_i.Y1  	0.0052096488	0.0051638341	7.9576759e-05	
Sd.pect_maj_thorax_m.Y0  	0.094786214	0.09475276	8.0718324e-05	
Sd.pect_maj_thorax_m.DT0 	0.23315021	0.23308563	8.1278953e-05	
Sd.pect_maj_thorax_m.Y1  	0.0083008065	0.0083014028	8.008307e-05	
Sd.teres_maj.Y0          	0.043626814	0.043574427	7.958211e-05	
Sd.teres_maj.DT0         	0.606521	0.60652856	8.188494e-05	
Sd.teres_maj.Y1          	0.0073144802	0.0073407479	7.8311549e-05	
Sd.infraspi_i.Y0         	0.040422157	0.040348397	7.9153851e-05	
Sd.infraspi_i.DT0        	0.47690024	0.47683062	8.1298453e-05	
Sd.infraspi_i.Y1         	0.011192748	0.011083249	7.8235716e-05	
Sd.infraspi_s.Y0         	0.11609476	0.11616148	7.997782e-05	
Sd.infraspi_s.DT0        	0.44549622	0.44555612	8.2806783e-05	
Sd.infraspi_s.Y1         	0.038258718	0.038250588	7.8262283e-05	
Sd.teres_min.Y0          	0.031523854	0.031477284	7.9309006e-05	
Sd.teres_min.DT0         	0.40086061	0.40085358	8.1474633e-05	
Sd.teres_min.Y1          	0.038157401	0.038246017	7.912963e-05	
Sd.subscap_s.Y0          	0.13098555	0.13103594	8.0136735e-05	
Sd.subscap_s.DT0         	0.38932293	0.38921091	7.9045518e-05	
Sd.subscap_s.Y1          	0.073271423	0.073172546	8.103823e-05	
Sd.subscap_i.Y0          	0.22730231	0.22729702	8.0476258e-05	
Sd.subscap_i.DT0         	0.82410421	0.82396878	8.188065e-05	
Sd.subscap_i.Y1          	0.0098944308	0.009935647	7.895902e-05	
Sd.supraspi.Y0           	0.087119182	0.087237843	8.0289804e-05	
Sd.supraspi.DT0          	0.55641684	0.55647271	8.016107e-05	
Sd.supraspi.Y1           	0.083895558	0.083835773	7.8919367e-05	
Sd.tri_long.Y0           	0.12186139	0.12177844	8.1382008e-05	
Sd.tri_long.DT0          	0.21834779	0.21838683	7.975846e-05	
Sd.tri_long.Y1           	0.090950647	0.091065403	7.7052499e-05	
Sd.tri_lat.Y0            	0.057254237	0.057190225	8.0122594e-05	
Sd.tri_lat.DT0           	0.27818489	0.27819938	8.3416178e-05	
Sd.tri_lat.Y1            	0.13389897	0.13395017	8.1389958e-05	
Sd.coracobrach.Y0        	0.0371709	0.037257761	8.095991e-05	
Sd.coracobrach.DT0       	0.50709861	0.50712388	8.1043195e-05	
Sd.coracobrach.Y1        	0.031940732	0.031971707	7.9894644e-05	
Sd.bic_long.Y0           	0.0012494437	0.0013055674	8.007205e-05	
Sd.bic_long.DT0          	0.45843065	0.45838229	7.9991546e-05	
Sd.bic_long.Y1           	0.0037090991	0.0037748464	7.9744367e-05	
Sd.bic_brev.Y0           	0.010227448	0.010129216	8.1012709e-05	
Sd.bic_brev.DT0          	0.77694459	0.77696737	8.0407248e-05	
Sd.bic_brev.Y1           	0.017056063	0.01706204	7.9952641e-05	
Sd.brach.Y0              	0.14987323	0.14983565	8.1043207e-05	
Sd.brach.DT0             	0.44233714	0.4424072	8.4185176e-05	
Sd.brach.Y1              	0.0048363114	0.004886519	8.0544097e-05	
Sd.brachiorad.Y0         	0.046347067	0.046379933	8.1719606e-05	
Sd.brachiorad.DT0        	0.17230101	0.17220317	8.1078084e-05	
Sd.brachiorad.Y1         	0.0031864563	0.0032417313	7.9095991e-05	
Sd.supinator.Y0          	0.15532574	0.15511076	8.1173402e-05	
Sd.supinator.DT0         	0.6136824	0.61372756	7.9484824e-05	
Sd.supinator.Y1          	0.051118792	0.051208656	8.0382942e-05	
Sd.pronator_teres.Y0     	0.086135949	0.086182206	8.1492491e-05	
Sd.pronator_teres.DT0    	0.51588505	0.51585123	8.2809717e-05	
Sd.pronator_teres.Y1     	0.033552171	0.033462962	8.1185806e-05	
Sd.ext_carpi_rad_long.Y0 	0.0031310479	0.0050781093	0.0016138431	
Sd.ext_carpi_rad_long.DT0	0.78171274	0.78040123	0.0017931815	
Sd.ext_carpi_rad_long.Y1 	0.08250728	0.084090144	0.0014504402	
Sd.ext_carpi_rad_brev.Y0 	0.12344589	0.1233678	8.0984911e-05	
Sd.ext_carpi_rad_brev.DT0	0.15276591	0.15271397	8.0734978e-05	
Sd.ext_carpi_rad_brev.Y1 	0.035316368	0.035406124	7.9660116e-05	
Sd.ext_carpi_ulna.Y0     	0.35419688	0.35422612	8.0055263e-05	
Sd.ext_carpi_ulna.DT0    	0.18646821	0.18655559	8.1533669e-05	
Sd.ext_carpi_ulna.Y1     	0.074846091	0.074832432	8.372978e-05	
Sd.flex_carpi_rad.Y0     	0.16212779	0.16221874	8.0576459e-05	
Sd.flex_carpi_rad.DT0    	0.44831177	0.44835414	8.185293e-05	
Sd.flex_carpi_rad.Y1     	0.013073732	0.013051624	7.9978836e-05	
Sd.flex_carpi_ulna.Y0    	0.055211021	0.055182338	7.9401633e-05	
Sd.flex_carpi_ulna.DT0   	0.2699991	0.26994509	8.1124584e-05	
Sd.flex_carpi_ulna.Y1    	0.0064260127	0.0064095898	8.317546e-05	
