Up.trap_scap_m.Y0        	0.034235536	0.034118086	7.7134562e-05	
Up.trap_scap_m.DT0       	0.45783282	0.45789113	7.5953161e-05	
Up.trap_scap_m.Y1        	0.031066502	0.031114197	7.7595085e-05	
Up.trap_scap_s.Y0        	0.25725978	0.25720231	7.5196932e-05	
Up.trap_scap_s.DT0       	0.4273555	0.42750704	7.5441702e-05	
Up.trap_scap_s.Y1        	0.12508545	0.1250979	7.597598e-05	
Up.trap_scap_i.Y0        	0.033060454	0.033022894	7.6318149e-05	
Up.trap_scap_i.DT0       	0.46510854	0.46495003	7.6052921e-05	
Up.trap_scap_i.Y1        	0.14916275	0.14914409	7.7952357e-05	
Up.trap_clav_s.Y0        	0.12685754	0.12684874	7.5354021e-05	
Up.trap_clav_s.DT0       	0.69797849	0.69797987	7.6555629e-05	
Up.trap_clav_s.Y1        	0.13620847	0.13618454	7.5272893e-05	
Up.ser_ant_i.Y0          	0.20235806	0.20231832	7.4939469e-05	
Up.ser_ant_i.DT0         	0.40113827	0.40105179	7.4342314e-05	
Up.ser_ant_i.Y1          	0.29547686	0.29557057	8.25645e-05	
Up.ser_ant_m.Y0          	0.06528804	0.0652354	7.5287803e-05	
Up.ser_ant_m.DT0         	0.48079197	0.48086337	7.4438307e-05	
Up.ser_ant_m.Y1          	0.084509127	0.084475747	7.7534245e-05	
Up.ser_ant_s.Y0          	0.24315231	0.24320823	7.5242312e-05	
Up.ser_ant_s.DT0         	0.37996472	0.37991489	7.4674081e-05	
Up.ser_ant_s.Y1          	0.009994994	0.010004036	7.3847707e-05	
Up.rhom_s.Y0             	0.23654944	0.2363732	7.6608334e-05	
Up.rhom_s.DT0            	0.29241291	0.29244899	7.6814737e-05	
Up.rhom_s.Y1             	0.0032134624	0.0032163943	7.5570913e-05	
Up.rhom_i.Y0             	0.057614149	0.057695635	7.5426728e-05	
Up.rhom_i.DT0            	0.54315414	0.54319404	7.6235063e-05	
Up.rhom_i.Y1             	0.0060453292	0.0060470057	7.5223424e-05	
Up.lev_scap.Y0           	0.080761673	0.080738085	7.7012867e-05	
Up.lev_scap.DT0          	0.62515305	0.62515414	7.6687514e-05	
Up.lev_scap.Y1           	0.018550845	0.018638212	8.0655879e-05	
Up.pect_min.Y0           	0.12395274	0.1239911	7.6389353e-05	
Up.pect_min.DT0          	0.71299373	0.71292351	7.5876971e-05	
Up.pect_min.Y1           	0.0012893234	0.0013163692	7.2343425e-05	
Up.delt_clav_a.Y0        	0.2848059	0.28479434	7.6611889e-05	
Up.delt_clav_a.DT0       	0.42388693	0.42378279	7.5909083e-05	
Up.delt_clav_a.Y1        	0.1515464	0.15151779	8.2097935e-05	
Up.delt_scap_p.Y0        	0.49738911	0.49744831	7.551278e-05	
Up.delt_scap_p.DT0       	0.45804092	0.45812839	7.4100211e-05	
Up.delt_scap_p.Y1        	0.034418467	0.034482361	6.3924274e-05	
Up.delt_scap_m.Y0        	0.50434093	0.50424104	7.7962229e-05	
Up.delt_scap_m.DT0       	0.65578166	0.65578085	7.5292229e-05	
Up.delt_scap_m.Y1        	0.30555434	0.30558677	0.0001043801	
Up.lat_dors_m.Y0         	0.0015748326	0.0012689572	0.0004467111	
Up.lat_dors_m.DT0        	0.64220366	0.64048951	0.0044593728	
Up.lat_dors_m.Y1         	0.079598505	0.0793064	0.00045941739	
Up.lat_dors_i.Y0         	0.011235388	0.011343179	0.00046274899	
Up.lat_dors_i.DT0        	0.52869825	0.52641035	0.0046735002	
Up.lat_dors_i.Y1         	0.0047850241	0.0052191978	0.00045233751	
Up.pect_maj_clav_s.Y0    	0.020910141	0.020958269	7.5828657e-05	
Up.pect_maj_clav_s.DT0   	0.55268798	0.55268308	7.6032899e-05	
Up.pect_maj_clav_s.Y1    	0.24873869	0.24879331	8.1065068e-05	
Up.pect_maj_thorax_i.Y0  	0.0057929046	0.0057969185	7.3560399e-05	
Up.pect_maj_thorax_i.DT0 	0.59495825	0.59500695	7.6085338e-05	
Up.pect_maj_thorax_i.Y1  	0.00020806904	0.00026841863	7.3373181e-05	
Up.pect_maj_thorax_m.Y0  	0.0049479713	0.0049475113	7.4720029e-05	
Up.pect_maj_thorax_m.DT0 	0.60584104	0.60594079	7.4515928e-05	
Up.pect_maj_thorax_m.Y1  	0.035424134	0.03536695	7.5560798e-05	
Up.teres_maj.Y0          	0.0074476878	0.0075780976	7.5201942e-05	
Up.teres_maj.DT0         	0.36413473	0.36425169	7.6284099e-05	
Up.teres_maj.Y1          	0.0036352872	0.0034389832	7.3994226e-05	
Up.infraspi_i.Y0         	0.33590213	0.33590965	7.6508889e-05	
Up.infraspi_i.DT0        	0.49432479	0.49441304	7.6263141e-05	
Up.infraspi_i.Y1         	0.069916299	0.069701135	7.0738039e-05	
Up.infraspi_s.Y0         	0.2795297	0.27948716	7.7146598e-05	
Up.infraspi_s.DT0        	0.30942155	0.30948951	7.4772924e-05	
Up.infraspi_s.Y1         	0.21235396	0.21234789	8.6634006e-05	
Up.teres_min.Y0          	0.30793591	0.3080166	7.6717184e-05	
Up.teres_min.DT0         	0.46447854	0.46452565	7.8183964e-05	
Up.teres_min.Y1          	0.0013614222	0.0012870813	7.363301e-05	
Up.subscap_s.Y0          	0.012434151	0.012461019	7.7134766e-05	
Up.subscap_s.DT0         	0.66039665	0.66046629	7.6302273e-05	
Up.subscap_s.Y1          	0.061975731	0.061977386	7.5566802e-05	
Up.subscap_i.Y0          	0.073645246	0.07362475	7.7926504e-05	
Up.subscap_i.DT0         	0.52193851	0.52193593	7.4827707e-05	
Up.subscap_i.Y1          	0.017472362	0.017501551	7.4255011e-05	
Up.supraspi.Y0           	0.11193292	0.11187326	7.6335493e-05	
Up.supraspi.DT0          	0.54710518	0.5471375	7.4918224e-05	
Up.supraspi.Y1           	0.15558497	0.15558718	7.5883737e-05	
Up.tri_long.Y0           	0.066398564	0.066386454	7.4265723e-05	
Up.tri_long.DT0          	0.51437509	0.51440343	7.4024578e-05	
Up.tri_long.Y1           	0.0049185413	0.0049506331	7.3934796e-05	
Up.tri_lat.Y0            	0.056374089	0.056344626	7.3596523e-05	
Up.tri_lat.DT0           	0.64419569	0.64415778	7.5311992e-05	
Up.tri_lat.Y1            	0.22301245	0.22296901	8.5328192e-05	
Up.coracobrach.Y0        	0.13100959	0.13114584	7.3774464e-05	
Up.coracobrach.DT0       	0.44595783	0.44596693	7.6063956e-05	
Up.coracobrach.Y1        	0.051828264	0.051877349	7.5458244e-05	
Up.bic_long.Y0           	0.53698045	0.53699591	7.8323747e-05	
Up.bic_long.DT0          	0.4419758	0.44196085	7.6133298e-05	
Up.bic_long.Y1           	0.014752324	0.01470019	7.6235022e-05	
Up.bic_brev.Y0           	0.20012434	0.2001503	7.6032239e-05	
Up.bic_brev.DT0          	0.45497674	0.4549569	7.6119972e-05	
Up.bic_brev.Y1           	0.0084759395	0.008411752	7.3208123e-05	
Up.brach.Y0              	0.61761875	0.61763893	7.5587614e-05	
Up.brach.DT0             	0.41542062	0.41546633	7.639374e-05	
Up.brach.Y1              	0.022246386	0.022232958	7.3545216e-05	
Up.brachiorad.Y0         	0.044662864	0.044614364	7.6446166e-05	
Up.brachiorad.DT0        	0.7799892	0.78011301	7.6392185e-05	
Up.brachiorad.Y1         	0.0067394155	0.0067885987	7.3788009e-05	
Up.supinator.Y0          	0.18222488	0.18233068	7.6287967e-05	
Up.supinator.DT0         	0.55878481	0.55887403	7.5736406e-05	
Up.supinator.Y1          	0.081516763	0.081521641	7.6893354e-05	
Up.pronator_teres.Y0     	0.035952568	0.035911978	7.5724229e-05	
Up.pronator_teres.DT0    	0.33351243	0.33344154	7.7387418e-05	
Up.pronator_teres.Y1     	0.0472483	0.047256276	7.8817612e-05	
Up.ext_carpi_rad_long.Y0 	0.18172797	0.18055002	0.0015707644	
Up.ext_carpi_rad_long.DT0	0.47039407	0.47112901	0.0016617637	
Up.ext_carpi_rad_long.Y1 	0.0043526945	0.0069947999	0.0016424801	
Up.ext_carpi_rad_brev.Y0 	0.11136299	0.11139161	7.6343996e-05	
Up.ext_carpi_rad_brev.DT0	0.7823145	0.78241469	7.5464223e-05	
Up.ext_carpi_rad_brev.Y1 	0.10232715	0.10222368	7.7204234e-05	
Up.ext_carpi_ulna.Y0     	0.18599206	0.18596112	7.6401032e-05	
Up.ext_carpi_ulna.DT0    	0.12701146	0.1269375	7.5841992e-05	
Up.ext_carpi_ulna.Y1     	0.077373637	0.077344674	7.7637722e-05	
Up.flex_carpi_rad.Y0     	0.15010441	0.1501359	7.5941205e-05	
Up.flex_carpi_rad.DT0    	0.1661208	0.16608567	7.5543034e-05	
Up.flex_carpi_rad.Y1     	0.0043351004	0.0044012703	7.4675514e-05	
Up.flex_carpi_ulna.Y0    	0.017020136	0.017091718	7.7737374e-05	
Up.flex_carpi_ulna.DT0   	0.32696129	0.32691283	7.6380887e-05	
Up.flex_carpi_ulna.Y1    	0.0045297086	0.0044880001	7.3273803e-05	
Fr.trap_scap_m.Y0        	0.098421295	0.098334319	7.6381178e-05	
Fr.trap_scap_m.DT0       	0.66368842	0.66368516	7.5796106e-05	
Fr.trap_scap_m.Y1        	0.057967971	0.058033584	7.5780845e-05	
Fr.trap_scap_s.Y0        	0.35514709	0.35512989	7.58583e-05	
Fr.trap_scap_s.DT0       	0.79777339	0.79777524	7.4991181e-05	
Fr.trap_scap_s.Y1        	0.029693968	0.029736631	7.2380796e-05	
Fr.trap_scap_i.Y0        	0.053517205	0.053476001	7.5887711e-05	
Fr.trap_scap_i.DT0       	0.45828613	0.45831927	7.8016178e-05	
Fr.trap_scap_i.Y1        	0.16811583	0.16810947	7.3099921e-05	
Fr.trap_clav_s.Y0        	0.16111702	0.16102038	7.7051079e-05	
Fr.trap_clav_s.DT0       	0.55519949	0.55520323	7.654042e-05	
Fr.trap_clav_s.Y1        	0.094275293	0.094208573	7.5706054e-05	
Fr.ser_ant_i.Y0          	0.24464158	0.2446715	7.704617e-05	
Fr.ser_ant_i.DT0         	0.16576584	0.16576915	7.6367911e-05	
Fr.ser_ant_i.Y1          	0.31319138	0.31303688	8.2529413e-05	
Fr.ser_ant_m.Y0          	0.0093726286	0.0093525687	7.5423835e-05	
Fr.ser_ant_m.DT0         	0.68477177	0.68477348	7.5616849e-05	
Fr.ser_ant_m.Y1          	0.18047542	0.18053908	7.6762255e-05	
Fr.ser_ant_s.Y0          	0.085085979	0.084931622	7.6602669e-05	
Fr.ser_ant_s.DT0         	0.40122167	0.40126752	7.7856579e-05	
Fr.ser_ant_s.Y1          	0.018953634	0.018917856	7.701558e-05	
Fr.rhom_s.Y0             	0.21580985	0.21575824	7.7667283e-05	
Fr.rhom_s.DT0            	0.28727591	0.28734158	7.5149897e-05	
Fr.rhom_s.Y1             	0.0076707188	0.0076641543	7.5172584e-05	
Fr.rhom_i.Y0             	0.12726937	0.12737683	7.5077265e-05	
Fr.rhom_i.DT0            	0.587404	0.58740544	7.6492245e-05	
Fr.rhom_i.Y1             	0.0023367517	0.0023483179	7.2047805e-05	
Fr.lev_scap.Y0           	0.12649303	0.12653566	7.5641741e-05	
Fr.lev_scap.DT0          	0.31638378	0.31639601	7.4839739e-05	
Fr.lev_scap.Y1           	0.0087092393	0.008734806	7.4190145e-05	
Fr.pect_min.Y0           	0.06409955	0.06409227	7.5895687e-05	
Fr.pect_min.DT0          	0.59325396	0.59331245	7.5821546e-05	
Fr.pect_min.Y1           	0.0084772473	0.0084830107	7.4858601e-05	
Fr.delt_clav_a.Y0        	0.27629616	0.27624054	7.6138708e-05	
Fr.delt_clav_a.DT0       	0.72777403	0.72764957	7.5267628e-05	
Fr.delt_clav_a.Y1        	0.19770634	0.19774354	7.5480882e-05	
Fr.delt_scap_p.Y0        	0.0004254552	0.00049180966	7.316205e-05	
Fr.delt_scap_p.DT0       	0.34719526	0.34720657	7.7781204e-05	
Fr.delt_scap_p.Y1        	0.0042926529	0.0043201678	7.7752206e-05	
Fr.delt_scap_m.Y0        	0.24072194	0.24075216	7.7131354e-05	
Fr.delt_scap_m.DT0       	0.28982479	0.28987436	7.3934608e-05	
Fr.delt_scap_m.Y1        	0.177831	0.17780376	6.9444092e-05	
Fr.lat_dors_m.Y0         	0.30055399	0.30088889	0.00049717136	
Fr.lat_dors_m.DT0        	0.18373682	0.18308478	0.0044559447	
Fr.lat_dors_m.Y1         	0.0036445936	0.0029564291	0.00045455503	
Fr.lat_dors_i.Y0         	0.34773429	0.34821045	0.00050821211	
Fr.lat_dors_i.DT0        	0.39505019	0.39249203	0.0039449411	
Fr.lat_dors_i.Y1         	0.0015617464	0.0023530658	0.00044633144	
Fr.pect_maj_clav_s.Y0    	0.24777176	0.24769716	7.5042244e-05	
Fr.pect_maj_clav_s.DT0   	0.59366936	0.59379704	7.7446568e-05	
Fr.pect_maj_clav_s.Y1    	0.2499292	0.24985388	7.5772338e-05	
Fr.pect_maj_thorax_i.Y0  	0.27449535	0.27455939	7.7101226e-05	
Fr.pect_maj_thorax_i.DT0 	0.52565699	0.525636	7.4148265e-05	
Fr.pect_maj_thorax_i.Y1  	0.057180704	0.057182869	7.8926353e-05	
Fr.pect_maj_thorax_m.Y0  	0.079885708	0.079835222	7.6434135e-05	
Fr.pect_maj_thorax_m.DT0 	0.5750784	0.57518202	7.5217598e-05	
Fr.pect_maj_thorax_m.Y1  	0.24303431	0.24300445	7.6058512e-05	
Fr.teres_maj.Y0          	0.23790738	0.23791465	7.6069031e-05	
Fr.teres_maj.DT0         	0.26017007	0.26005035	7.6804368e-05	
Fr.teres_maj.Y1          	0.0066897781	0.0066570499	7.3970239e-05	
Fr.infraspi_i.Y0         	0.026892955	0.026816629	7.6210426e-05	
Fr.infraspi_i.DT0        	0.5090257	0.50905001	7.3964007e-05	
Fr.infraspi_i.Y1         	0.0067622786	0.0068699389	7.3406693e-05	
Fr.infraspi_s.Y0         	0.020429954	0.020496991	7.5455945e-05	
Fr.infraspi_s.DT0        	0.49536145	0.49535541	7.4227821e-05	
Fr.infraspi_s.Y1         	0.025340661	0.025387444	7.5129321e-05	
Fr.teres_min.Y0          	0.035558115	0.035594823	7.5180313e-05	
Fr.teres_min.DT0         	0.36599883	0.3660122	7.6716985e-05	
Fr.teres_min.Y1          	0.0026164165	0.0024157563	7.4741766e-05	
Fr.subscap_s.Y0          	0.042757472	0.042760951	7.4691658e-05	
Fr.subscap_s.DT0         	0.63369172	0.63362228	7.60274e-05	
Fr.subscap_s.Y1          	0.093699449	0.093842103	7.5558449e-05	
Fr.subscap_i.Y0          	0.16410302	0.16414265	7.7367125e-05	
Fr.subscap_i.DT0         	0.3143297	0.31440563	7.5285538e-05	
Fr.subscap_i.Y1          	0.0067600557	0.0067892014	7.2525485e-05	
Fr.supraspi.Y0           	0.36099725	0.36081918	7.7687382e-05	
Fr.supraspi.DT0          	0.59451546	0.59442811	7.4950127e-05	
Fr.supraspi.Y1           	0.050691779	0.050846127	7.9158721e-05	
Fr.tri_long.Y0           	0.0030639343	0.0030342538	7.4768724e-05	
Fr.tri_long.DT0          	0.3690085	0.36895895	7.6074275e-05	
Fr.tri_long.Y1           	0.0011551684	0.0012129021	7.4153145e-05	
Fr.tri_lat.Y0            	0.012152893	0.012176717	7.3315643e-05	
Fr.tri_lat.DT0           	0.39702811	0.39704823	7.5911539e-05	
Fr.tri_lat.Y1            	0.13234893	0.13229765	7.3657137e-05	
Fr.coracobrach.Y0        	0.055528558	0.055678375	7.7640338e-05	
Fr.coracobrach.DT0       	0.48182422	0.48171579	7.6632058e-05	
Fr.coracobrach.Y1        	0.061476216	0.061505944	7.5418296e-05	
Fr.bic_long.Y0           	0.1741521	0.17407221	7.7395194e-05	
Fr.bic_long.DT0          	0.41127829	0.41111753	7.6089587e-05	
Fr.bic_long.Y1           	0.15729914	0.15730033	7.5651399e-05	
Fr.bic_brev.Y0           	0.07136742	0.071278528	7.6256815e-05	
Fr.bic_brev.DT0          	0.62488689	0.6248889	7.6637787e-05	
Fr.bic_brev.Y1           	0.086831033	0.086857165	7.4048279e-05	
Fr.brach.Y0              	0.02051694	0.020583197	7.4794602e-05	
Fr.brach.DT0             	0.81780242	0.81779557	7.5294595e-05	
Fr.brach.Y1              	0.011671286	0.011583199	7.6540033e-05	
Fr.brachiorad.Y0         	0.04329118	0.043186188	7.477868e-05	
Fr.brachiorad.DT0        	0.28199428	0.28200131	7.6038702e-05	
Fr.brachiorad.Y1         	0.0040514262	0.004111541	7.4952125e-05	
Fr.supinator.Y0          	0.21374288	0.2137394	7.5954487e-05	
Fr.supinator.DT0         	0.58841925	0.58853751	7.6458013e-05	
Fr.supinator.Y1          	0.051221211	0.051299238	7.6401877e-05	
Fr.pronator_teres.Y0     	0.15071023	0.15063686	7.6603216e-05	
Fr.pronator_teres.DT0    	0.56271347	0.56267023	7.6193061e-05	
Fr.pronator_teres.Y1     	0.09809307	0.09820093	7.7993615e-05	
Fr.ext_carpi_rad_long.Y0 	0.00077237594	0.0035960865	0.0014569084	
Fr.ext_carpi_rad_long.DT0	0.61578729	0.61496098	0.0016354733	
Fr.ext_carpi_rad_long.Y1 	0.052649045	0.053479799	0.0012619529	
Fr.ext_carpi_rad_brev.Y0 	0.027689368	0.027705831	7.6099608e-05	
Fr.ext_carpi_rad_brev.DT0	0.4861535	0.48624023	7.5416539e-05	
Fr.ext_carpi_rad_brev.Y1 	0.13660919	0.13653009	7.5563449e-05	
Fr.ext_carpi_ulna.Y0     	0.029081225	0.029026654	7.6471469e-05	
Fr.ext_carpi_ulna.DT0    	0.44004797	0.43999276	7.6160192e-05	
Fr.ext_carpi_ulna.Y1     	0.0075110876	0.007559867	7.7162491e-05	
Fr.flex_carpi_rad.Y0     	0.037013243	0.037044487	7.7674263e-05	
Fr.flex_carpi_rad.DT0    	0.6331972	0.63323815	7.5031852e-05	
Fr.flex_carpi_rad.Y1     	0.0035174719	0.0034661927	7.5388209e-05	
Fr.flex_carpi_ulna.Y0    	0.0040476021	0.0039932575	7.4957842e-05	
Fr.flex_carpi_ulna.DT0   	0.28770634	0.28775756	7.5913063e-05	
Fr.flex_carpi_ulna.Y1    	0.015045854	0.014958384	7.3532536e-05	
Bh.trap_scap_m.Y0        	0.29933514	0.29920559	7.6955285e-05	
Bh.trap_scap_m.DT0       	0.63974192	0.63974392	7.5732935e-05	
Bh.trap_scap_m.Y1        	0.0013741188	0.0014465472	7.5915675e-05	
Bh.trap_scap_s.Y0        	0.071771017	0.071684979	7.5836872e-05	
Bh.trap_scap_s.DT0       	0.48497281	0.4850375	7.6497842e-05	
Bh.trap_scap_s.Y1        	0.012292332	0.012364916	7.8843604e-05	
Bh.trap_scap_i.Y0        	0.10019781	0.10002794	7.6620742e-05	
Bh.trap_scap_i.DT0       	0.43839807	0.43831347	7.6653463e-05	
Bh.trap_scap_i.Y1        	0.017056709	0.017069419	7.5522292e-05	
Bh.trap_clav_s.Y0        	0.043941247	0.043869828	7.4963635e-05	
Bh.trap_clav_s.DT0       	0.40264396	0.40274351	7.6018012e-05	
Bh.trap_clav_s.Y1        	0.0082407575	0.0082024559	7.4374392e-05	
Bh.ser_ant_i.Y0          	0.092814588	0.092864343	7.6720539e-05	
Bh.ser_ant_i.DT0         	0.50715585	0.5070405	7.8273438e-05	
Bh.ser_ant_i.Y1          	0.0045951665	0.0045197477	7.1282142e-05	
Bh.ser_ant_m.Y0          	0.1498313	0.1498942	7.6459412e-05	
Bh.ser_ant_m.DT0         	0.50719211	0.50730904	7.7142623e-05	
Bh.ser_ant_m.Y1          	0.064575506	0.064615719	7.8734561e-05	
Bh.ser_ant_s.Y0          	0.062209933	0.062185256	7.7030722e-05	
Bh.ser_ant_s.DT0         	0.89746046	0.8975208	7.6797508e-05	
Bh.ser_ant_s.Y1          	0.11259441	0.11246243	7.5578176e-05	
Bh.rhom_s.Y0             	0.086060803	0.086076139	7.7809173e-05	
Bh.rhom_s.DT0            	0.52989763	0.52984998	7.44313e-05	
Bh.rhom_s.Y1             	0.10781889	0.10769544	7.4390171e-05	
Bh.rhom_i.Y0             	0.010625935	0.010648233	7.6392579e-05	
Bh.rhom_i.DT0            	0.48726248	0.48725484	7.7885786e-05	
Bh.rhom_i.Y1             	0.13956199	0.13958448	8.1879745e-05	
Bh.lev_scap.Y0           	0.083934186	0.083956154	7.5674174e-05	
Bh.lev_scap.DT0          	0.50999482	0.50987521	7.5493778e-05	
Bh.lev_scap.Y1           	0.1020667	0.10201856	7.5290111e-05	
Bh.pect_min.Y0           	0.015581125	0.01548008	7.4208604e-05	
Bh.pect_min.DT0          	0.80171194	0.80170412	7.5882929e-05	
Bh.pect_min.Y1           	0.056687829	0.056701532	7.5244707e-05	
Bh.delt_clav_a.Y0        	0.0037533058	0.0037481413	7.6284194e-05	
Bh.delt_clav_a.DT0       	0.3963683	0.39639776	7.4783379e-05	
Bh.delt_clav_a.Y1        	0.010075741	0.0099499818	7.6389613e-05	
Bh.delt_scap_p.Y0        	0.0830528	0.083072136	7.6014361e-05	
Bh.delt_scap_p.DT0       	0.65515469	0.65503385	7.5419693e-05	
Bh.delt_scap_p.Y1        	0.34193851	0.34194432	8.7374571e-05	
Bh.delt_scap_m.Y0        	0.038848459	0.03894861	7.397808e-05	
Bh.delt_scap_m.DT0       	0.40307355	0.40307011	7.6828077e-05	
Bh.delt_scap_m.Y1        	0.050576709	0.050661756	7.415372e-05	
Bh.lat_dors_m.Y0         	0.027863374	0.028070696	0.00048646391	
Bh.lat_dors_m.DT0        	0.39054502	0.396042	0.0047115489	
Bh.lat_dors_m.Y1         	0.01727264	0.017486303	0.00047211866	
Bh.lat_dors_i.Y0         	0.046703995	0.046577873	0.00048315411	
Bh.lat_dors_i.DT0        	0.15090693	0.15008545	0.0047252526	
Bh.lat_dors_i.Y1         	0.0040252249	0.0047828839	0.00046102445	
Bh.pect_maj_clav_s.Y0    	0.32818292	0.32818314	7.8212566e-05	
Bh.pect_maj_clav_s.DT0   	0.26543731	0.26542518	7.6513859e-05	
Bh.pect_maj_clav_s.Y1    	0.23984672	0.23980056	7.8636961e-05	
Bh.pect_maj_thorax_i.Y0  	0.0058686475	0.005682916	7.4723228e-05	
Bh.pect_maj_thorax_i.DT0 	0.6192287	0.61926997	7.5500364e-05	
Bh.pect_maj_thorax_i.Y1  	0.020555798	0.02042034	7.6909279e-05	
Bh.pect_maj_thorax_m.Y0  	0.015083616	0.015108676	7.3929457e-05	
Bh.pect_maj_thorax_m.DT0 	0.51040108	0.51038321	7.550888e-05	
Bh.pect_maj_thorax_m.Y1  	0.24546042	0.24555705	7.7198474e-05	
Bh.teres_maj.Y0          	0.30681233	0.3068744	7.616091e-05	
Bh.teres_maj.DT0         	0.59917901	0.59908779	7.5069506e-05	
Bh.teres_maj.Y1          	0.043210044	0.043097882	7.566468e-05	
Bh.infraspi_i.Y0         	0.28695264	0.28685165	7.6246166e-05	
Bh.infraspi_i.DT0        	0.49368743	0.49376498	7.6708661e-05	
Bh.infraspi_i.Y1         	0.036648598	0.036651802	7.5325157e-05	
Bh.infraspi_s.Y0         	0.32673198	0.32694638	7.6956672e-05	
Bh.infraspi_s.DT0        	0.49345884	0.49349191	7.6693351e-05	
Bh.infraspi_s.Y1         	0.0081416882	0.0080179858	7.4393683e-05	
Bh.teres_min.Y0          	0.1063066	0.10638198	7.572275e-05	
Bh.teres_min.DT0         	0.57715167	0.57706107	7.5493783e-05	
Bh.teres_min.Y1          	0.019011143	0.018962805	7.7686324e-05	
Bh.subscap_s.Y0          	0.07353316	0.073601913	7.5327629e-05	
Bh.subscap_s.DT0         	0.44629627	0.44636045	7.5680071e-05	
Bh.subscap_s.Y1          	0.30379411	0.3038138	7.7967674e-05	
Bh.subscap_i.Y0          	0.1639598	0.16404935	7.80855e-05	
Bh.subscap_i.DT0         	0.51047703	0.51053465	7.7462855e-05	
Bh.subscap_i.Y1          	0.010571746	0.010593475	7.5859611e-05	
Bh.supraspi.Y0           	0.059626236	0.059705344	7.4991542e-05	
Bh.supraspi.DT0          	0.56418811	0.56423085	7.5868834e-05	
Bh.supraspi.Y1           	0.0093751426	0.0093843252	7.6106318e-05	
Bh.tri_long.Y0           	0.28815432	0.28808743	7.6062668e-05	
Bh.tri_long.DT0          	0.48578958	0.48598456	7.6344023e-05	
Bh.tri_long.Y1           	0.054754047	0.054707287	7.5117914e-05	
Bh.tri_lat.Y0            	0.0095357529	0.0096027778	7.2495697e-05	
Bh.tri_lat.DT0           	0.78754351	0.78753355	7.7354382e-05	
Bh.tri_lat.Y1            	0.067254491	0.067240619	7.5333763e-05	
Bh.coracobrach.Y0        	0.21093815	0.21105734	7.567177e-05	
Bh.coracobrach.DT0       	0.58795193	0.58814324	7.6945442e-05	
Bh.coracobrach.Y1        	5.7173465e-05	0.00010288509	7.5824345e-05	
Bh.bic_long.Y0           	0.096730856	0.096635482	7.6568585e-05	
Bh.bic_long.DT0          	0.63837729	0.63838193	7.5444009e-05	
Bh.bic_long.Y1           	0.12165026	0.12173001	7.3226576e-05	
Bh.bic_brev.Y0           	0.16294214	0.16286242	7.6656632e-05	
Bh.bic_brev.DT0          	0.43337015	0.43337892	7.5047489e-05	
Bh.bic_brev.Y1           	0.089827981	0.089722496	7.592443e-05	
Bh.brach.Y0              	0.22686296	0.22687624	7.4663184e-05	
Bh.brach.DT0             	0.53260244	0.53255137	7.6162996e-05	
Bh.brach.Y1              	0.043573097	0.043608831	7.4835338e-05	
Bh.brachiorad.Y0         	0.19382132	0.19383632	7.6070213e-05	
Bh.brachiorad.DT0        	0.31056072	0.31041836	7.5048868e-05	
Bh.brachiorad.Y1         	0.11246911	0.11249245	7.6822525e-05	
Bh.supinator.Y0          	0.032085147	0.032027782	7.5970552e-05	
Bh.supinator.DT0         	0.47836751	0.47849151	7.566453e-05	
Bh.supinator.Y1          	0.01521254	0.015168501	7.4569173e-05	
Bh.pronator_teres.Y0     	0.28575777	0.28585655	7.6975624e-05	
Bh.pronator_teres.DT0    	0.68201314	0.68189681	7.6117959e-05	
Bh.pronator_teres.Y1     	0.13926704	0.13939653	7.8047033e-05	
Bh.ext_carpi_rad_long.Y0 	0.17862501	0.17732693	0.0016238201	
Bh.ext_carpi_rad_long.DT0	0.51350078	0.51066124	0.00161327	
Bh.ext_carpi_rad_long.Y1 	0.0050152	0.0061445743	0.0012845701	
Bh.ext_carpi_rad_brev.Y0 	0.57010542	0.57004102	7.5037651e-05	
Bh.ext_carpi_rad_brev.DT0	0.57216082	0.57222024	7.6532512e-05	
Bh.ext_carpi_rad_brev.Y1 	0.00024412326	0.00021428598	7.2950786e-05	
Bh.ext_carpi_ulna.Y0     	0.53242191	0.53233616	7.671787e-05	
Bh.ext_carpi_ulna.DT0    	0.53195389	0.53198425	7.5895396e-05	
Bh.ext_carpi_ulna.Y1     	0.032274022	0.032301984	7.6414382e-05	
Bh.flex_carpi_rad.Y0     	0.15194216	0.15209822	7.7098272e-05	
Bh.flex_carpi_rad.DT0    	0.5858204	0.58589245	7.7570694e-05	
Bh.flex_carpi_rad.Y1     	0.16498352	0.16498931	7.866824e-05	
Bh.flex_carpi_ulna.Y0    	0.20520322	0.20528174	7.5954986e-05	
Bh.flex_carpi_ulna.DT0   	0.24431464	0.24441062	7.4594816e-05	
Bh.flex_carpi_ulna.Y1    	0.11679013	0.11685312	8.1982893e-05	
Sd.trap_scap_m.Y0        	0.076866867	0.076935019	7.6684627e-05	
Sd.trap_scap_m.DT0       	0.45261736	0.45265323	7.5015923e-05	
Sd.trap_scap_m.Y1        	0.080234731	0.080142949	7.6690432e-05	
Sd.trap_scap_s.Y0        	0.2553711	0.25531425	7.7433726e-05	
Sd.trap_scap_s.DT0       	0.71753972	0.71761574	7.4731855e-05	
Sd.trap_scap_s.Y1        	0.13188396	0.13196936	7.6418159e-05	
Sd.trap_scap_i.Y0        	0.11446452	0.11443233	7.5611224e-05	
Sd.trap_scap_i.DT0       	0.69692107	0.69697728	7.4524273e-05	
Sd.trap_scap_i.Y1        	0.03559077	0.03559777	7.6475787e-05	
Sd.trap_clav_s.Y0        	0.12739411	0.12736542	7.5553927e-05	
Sd.trap_clav_s.DT0       	0.44960325	0.44964793	7.5417987e-05	
Sd.trap_clav_s.Y1        	0.058634398	0.058678436	7.5795372e-05	
Sd.ser_ant_i.Y0          	0.26269778	0.26257995	7.725137e-05	
Sd.ser_ant_i.DT0         	0.5123427	0.51245313	7.7029948e-05	
Sd.ser_ant_i.Y1          	0.2239152	0.22393203	7.8421779e-05	
Sd.ser_ant_m.Y0          	0.25224183	0.25231858	7.6624974e-05	
Sd.ser_ant_m.DT0         	0.60922556	0.60926288	7.5332708e-05	
Sd.ser_ant_m.Y1          	0.12572906	0.12577063	7.6168901e-05	
Sd.ser_ant_s.Y0          	0.1548715	0.15486474	7.5609825e-05	
Sd.ser_ant_s.DT0         	0.58225617	0.58243195	7.4424515e-05	
Sd.ser_ant_s.Y1          	0.034398931	0.034348277	7.6762254e-05	
Sd.rhom_s.Y0             	0.043308709	0.043401347	7.497573e-05	
Sd.rhom_s.DT0            	0.45763106	0.45764019	7.4322648e-05	
Sd.rhom_s.Y1             	0.063146352	0.063114281	7.7068724e-05	
Sd.rhom_i.Y0             	0.06857353	0.068560687	7.6832476e-05	
Sd.rhom_i.DT0            	0.30013948	0.30005311	7.6720433e-05	
Sd.rhom_i.Y1             	0.0030395656	0.0030675418	7.5411806e-05	
Sd.lev_scap.Y0           	0.02294376	0.022856974	7.6035343e-05	
Sd.lev_scap.DT0          	0.52965497	0.52978361	7.7491708e-05	
Sd.lev_scap.Y1           	0.011136174	0.011072688	7.4813597e-05	
Sd.pect_min.Y0           	0.006535046	0.0066072151	7.4678899e-05	
Sd.pect_min.DT0          	0.68111592	0.68106156	7.6162118e-05	
Sd.pect_min.Y1           	0.0038028511	0.0037717071	7.4622776e-05	
Sd.delt_clav_a.Y0        	0.058613082	0.058671256	7.5776466e-05	
Sd.delt_clav_a.DT0       	0.42269908	0.42263138	7.6131479e-05	
Sd.delt_clav_a.Y1        	0.096293495	0.096440075	7.6620021e-05	
Sd.delt_scap_p.Y0        	0.084059687	0.084155564	7.5161861e-05	
Sd.delt_scap_p.DT0       	0.27293204	0.27299535	7.631915e-05	
Sd.delt_scap_p.Y1        	0.11967821	0.11976719	6.8769071e-05	
Sd.delt_scap_m.Y0        	0.36696606	0.36690938	7.6014392e-05	
Sd.delt_scap_m.DT0       	0.28245644	0.28240331	7.5657507e-05	
Sd.delt_scap_m.Y1        	0.28704953	0.28710168	7.2987297e-05	
Sd.lat_dors_m.Y0         	0.10418028	0.10453131	0.00045551945	
Sd.lat_dors_m.DT0        	0.98020394	0.97930029	0.0043628443	
Sd.lat_dors_m.Y1         	0.0018322432	0.0012247048	0.00043669277	
Sd.lat_dors_i.Y0         	0.011811836	0.01146974	0.00047467362	
Sd.lat_dors_i.DT0        	0.75353943	0.74919715	0.0047552765	
Sd.lat_dors_i.Y1         	0.001785194	0.002436696	0.00045417849	
Sd.pect_maj_clav_s.Y0    	0.032904354	0.032903158	7.5280939e-05	
Sd.pect_maj_clav_s.DT0   	0.52893122	0.52892996	7.7561079e-05	
Sd.pect_maj_clav_s.Y1    	0.14285117	0.14281968	7.6267229e-05	
Sd.pect_maj_thorax_i.Y0  	0.01623229	0.016222257	7.6497776e-05	
Sd.pect_maj_thorax_i.DT0 	0.60952157	0.6096088	7.5835684e-05	
Sd.pect_maj_thorax_i.Y1  	0.0049987711	0.0049380635	7.4818389e-05	
Sd.pect_maj_thorax_m.Y0  	0.094942653	0.09486205	7.5890526e-05	
Sd.pect_maj_thorax_m.DT0 	0.23327252	0.23326889	7.6417443e-05	
Sd.pect_maj_thorax_m.Y1  	0.0078046079	0.0079669705	7.528966e-05	
Sd.teres_maj.Y0          	0.043503803	0.043453264	7.4820028e-05	
Sd.teres_maj.DT0         	0.60661705	0.60663729	7.6998862e-05	
Sd.teres_maj.Y1          	0.007626422	0.007638061	7.3620753e-05	
Sd.infraspi_i.Y0         	0.040173032	0.040201581	7.442863e-05	
Sd.infraspi_i.DT0        	0.47653631	0.47648958	7.6434453e-05	
Sd.infraspi_i.Y1         	0.011104523	0.011050683	7.3549973e-05	
Sd.infraspi_s.Y0         	0.11631167	0.11621905	7.5177535e-05	
Sd.infraspi_s.DT0        	0.44539595	0.44537383	7.7848346e-05	
Sd.infraspi_s.Y1         	0.037740764	0.037754007	7.3599816e-05	
Sd.teres_min.Y0          	0.031523203	0.031627921	7.4579869e-05	
Sd.teres_min.DT0         	0.40079152	0.40090108	7.6600494e-05	
Sd.teres_min.Y1          	0.038366712	0.038507433	7.4399255e-05	
Sd.subscap_s.Y0          	0.13146355	0.13145544	7.534296e-05	
Sd.subscap_s.DT0         	0.38948414	0.38936372	7.4304568e-05	
Sd.subscap_s.Y1          	0.072854614	0.072865724	7.6197044e-05	
Sd.subscap_i.Y0          	0.22724966	0.22728685	7.5651518e-05	
Sd.subscap_i.DT0         	0.82390003	0.82381273	7.6982713e-05	
Sd.subscap_i.Y1          	0.010165591	0.010180486	7.4242943e-05	
Sd.supraspi.Y0           	0.087217964	0.087158771	7.5484277e-05	
Sd.supraspi.DT0          	0.55647356	0.55640733	7.5354195e-05	
Sd.supraspi.Y1           	0.083923149	0.083928167	7.4192942e-05	
Sd.tri_long.Y0           	0.12156982	0.12160651	7.6509268e-05	
Sd.tri_long.DT0          	0.21844511	0.21833715	7.4982771e-05	
Sd.tri_long.Y1           	0.090695532	0.090751991	7.2459604e-05	
Sd.tri_lat.Y0            	0.057110429	0.057081308	7.5326845e-05	
Sd.tri_lat.DT0           	0.27780316	0.2780573	7.8420371e-05	
Sd.tri_lat.Y1            	0.13346426	0.13367216	7.6526956e-05	
Sd.coracobrach.Y0        	0.037304439	0.037384955	7.6109326e-05	
Sd.coracobrach.DT0       	0.50719476	0.50715336	7.6193233e-05	
Sd.coracobrach.Y1        	0.031991367	0.031984449	7.5118339e-05	
Sd.bic_long.Y0           	0.0016378684	0.0016529496	7.5285592e-05	
Sd.bic_long.DT0          	0.45814673	0.45805035	7.5228334e-05	
Sd.bic_long.Y1           	0.0038843989	0.0039618817	7.497437e-05	
Sd.bic_brev.Y0           	0.01022679	0.010166809	7.6160422e-05	
Sd.bic_brev.DT0          	0.77737762	0.77733696	7.5578988e-05	
Sd.bic_brev.Y1           	0.017350217	0.017440067	7.5177287e-05	
Sd.brach.Y0              	0.15003838	0.15000325	7.6189059e-05	
Sd.brach.DT0             	0.44228697	0.44231884	7.9150669e-05	
Sd.brach.Y1              	0.0048533107	0.0047976863	7.5730503e-05	
Sd.brachiorad.Y0         	0.046260937	0.046348737	7.6834537e-05	
Sd.brachiorad.DT0        	0.17212692	0.17215864	7.6225105e-05	
Sd.brachiorad.Y1         	0.0027413369	0.002886748	7.4364583e-05	
Sd.supinator.Y0          	0.15475127	0.15484908	7.6327543e-05	
Sd.supinator.DT0         	0.61404269	0.61395918	7.4719808e-05	
Sd.supinator.Y1          	0.051531818	0.051555936	7.5578005e-05	
Sd.pronator_teres.Y0     	0.086705775	0.086461769	7.6623173e-05	
Sd.pronator_teres.DT0    	0.51524763	0.51532648	7.787045e-05	
Sd.pronator_teres.Y1     	0.033501938	0.033505045	7.6310599e-05	
Sd.ext_carpi_rad_long.Y0 	0.0053853982	0.0072929365	0.0015170932	
Sd.ext_carpi_rad_long.DT0	0.7748371	0.77368942	0.0016857914	
Sd.ext_carpi_rad_long.Y1 	0.051872568	0.054351816	0.0013677073	
Sd.ext_carpi_rad_brev.Y0 	0.12316245	0.12318267	7.6143928e-05	
Sd.ext_carpi_rad_brev.DT0	0.15253139	0.15247758	7.5904049e-05	
Sd.ext_carpi_rad_brev.Y1 	0.035180504	0.035314133	7.4889514e-05	
Sd.ext_carpi_ulna.Y0     	0.3540037	0.35401919	7.5264793e-05	
Sd.ext_carpi_ulna.DT0    	0.18644606	0.186454	7.6647417e-05	
Sd.ext_carpi_ulna.Y1     	0.074423977	0.074479942	7.8723792e-05	
Sd.flex_carpi_rad.Y0     	0.16194373	0.16194766	7.5752732e-05	
Sd.flex_carpi_rad.DT0    	0.44890926	0.44890934	7.695791e-05	
Sd.flex_carpi_rad.Y1     	0.01312645	0.013140208	7.5192461e-05	
Sd.flex_carpi_ulna.Y0    	0.055190023	0.055198421	7.4637443e-05	
Sd.flex_carpi_ulna.DT0   	0.26985197	0.26997855	7.6276663e-05	
Sd.flex_carpi_ulna.Y1    	0.0065396147	0.0065959594	7.8190436e-05	
