stern_mast-skull.KP        	2.2607824	2.2340934	0.081826026	
stern_mast-skull.KV        	0.40917317	0.39165146	0.0081812657	
stern_mast-skull.C0        	0.012230725	0.0069482928	0.0081778067	
cleid_mast-skull.KP        	2.3865969	2.2565119	0.081917669	
cleid_mast-skull.KV        	0.40882972	0.40164987	0.008181891	
cleid_mast-skull.C0        	0.020288135	0.01705864	0.0081788086	
scalenus_med-skull.KP      	5.0570147	5.033525	0.081877652	
scalenus_med-skull.KV      	0.55957621	0.56122636	0.0081836333	
scalenus_med-skull.C0      	0.034056544	0.025004062	0.0081761491	
long_col_c1thx-skull.KP    	2.7122672	2.8247632	0.081856272	
long_col_c1thx-skull.KV    	0.21348279	0.22656979	0.0081862345	
long_col_c1thx-skull.C0    	0.0036397321	0.0034419879	0.0081770978	
splen_cap_sklthx-skull.KP  	1.5953307	1.5847599	0.081803175	
splen_cap_sklthx-skull.KV  	0.4362847	0.43001431	0.0081809505	
splen_cap_sklthx-skull.C0  	0.0042437512	0.000446317	0.0081762354	
semi_cap_sklthx-skull.KP   	2.4423905	2.5400581	0.081803406	
semi_cap_sklthx-skull.KV   	0.31394109	0.30090368	0.0081797853	
semi_cap_sklthx-skull.C0   	0.0034153889	0.0047874882	0.0081766699	
Up.ext_obl1_l.Y0           	0.1283973	0.128874	0.0008182899	
Up.ext_obl1_l.DT0          	0.58503823	0.58485741	0.00081869331	
Up.ext_obl1_l.Y1           	0.13206234	0.13317244	0.00081840082	
Up.ext_obl2_l.Y0           	0.28528672	0.28740775	0.00081808129	
Up.ext_obl2_l.DT0          	0.1346838	0.13352926	0.00081810648	
Up.ext_obl2_l.Y1           	0.31116267	0.31165672	0.00081974697	
Up.ext_obl3_l.Y0           	0.098359422	0.099624119	0.00081876542	
Up.ext_obl3_l.DT0          	0.15580389	0.15752866	0.00081824929	
Up.ext_obl3_l.Y1           	0.084828163	0.085865807	0.00081807489	
Up.ext_obl4_l.Y0           	0.086996892	0.087065875	0.00081821216	
Up.ext_obl4_l.DT0          	0.54438454	0.54333543	0.0008181492	
Up.ext_obl4_l.Y1           	0.083723741	0.083695536	0.00081938068	
Up.int_obl1_r.Y0           	0.038656453	0.039391984	0.00081831002	
Up.int_obl1_r.DT0          	0.59552182	0.59404952	0.00081820868	
Up.int_obl1_r.Y1           	0.021484567	0.020582208	0.00081800866	
Up.int_obl2_r.Y0           	0.18104695	0.18091623	0.00081878869	
Up.int_obl2_r.DT0          	0.28812223	0.28708006	0.00081800887	
Up.int_obl2_r.Y1           	0.08174852	0.082083278	0.00081811951	
Up.int_obl3_r.Y0           	0.26919589	0.26960272	0.00081808584	
Up.int_obl3_r.DT0          	0.41321218	0.4129712	0.00081827582	
Up.int_obl3_r.Y1           	0.25970641	0.26136709	0.00081839865	
Up.int_obl4_r.Y0           	0.43256714	0.43339404	0.00081799903	
Up.int_obl4_r.DT0          	0.40301769	0.40230466	0.00081833159	
Up.int_obl4_r.Y1           	0.0029610361	0.0034706148	0.00081804117	
Up.rect_abd_r.Y0           	0.05944416	0.059105081	0.00081852193	
Up.rect_abd_r.DT0          	0.14849357	0.14847847	0.00081823503	
Up.rect_abd_r.Y1           	0.0036292921	0.004775722	0.00081832891	
Up.quad_lumb_r.Y0          	0.054314828	0.054874935	0.00081816622	
Up.quad_lumb_r.DT0         	0.12936555	0.12781545	0.00081822927	
Up.quad_lumb_r.Y1          	0.15592924	0.15486127	0.00081891704	
Up.iliocostalis_il_r.Y0    	0.62279465	0.62313817	0.00081846291	
Up.iliocostalis_il_r.DT0   	0.71084284	0.70996064	0.00081807372	
Up.iliocostalis_il_r.Y1    	0.42651735	0.42673428	0.00082097836	
Up.iliocostalis_ic_r.Y0    	0.12381135	0.12459301	0.00081822861	
Up.iliocostalis_ic_r.DT0   	0.34611692	0.34445704	0.00081832348	
Up.iliocostalis_ic_r.Y1    	0.096405336	0.097395658	0.00081815833	
Up.longissimus_slt_r.Y0    	0.01358046	0.01462637	0.00081816522	
Up.longissimus_slt_r.DT0   	0.39369618	0.393627	0.00081827266	
Up.longissimus_slt_r.Y1    	0.14451907	0.14431499	0.00081950878	
Up.spinalis_t_r.Y0         	0.24590578	0.24470144	0.00081813547	
Up.spinalis_t_r.DT0        	0.48916247	0.48993905	0.00081808411	
Up.spinalis_t_r.Y1         	0.04997184	0.050491554	0.00081851053	
Up.ext_obl1_r.Y0           	0.43061236	0.43097325	0.00081842582	
Up.ext_obl1_r.DT0          	0.37202777	0.37146352	0.00081828719	
Up.ext_obl1_r.Y1           	0.24928679	0.2507938	0.00081859229	
Up.ext_obl2_r.Y0           	0.077333954	0.078491395	0.00081831634	
Up.ext_obl2_r.DT0          	0.27345408	0.27255409	0.00081819302	
Up.ext_obl2_r.Y1           	0.09724544	0.097442939	0.00081848669	
Up.ext_obl3_r.Y0           	0.022098452	0.021865731	0.00081870868	
Up.ext_obl3_r.DT0          	0.6409573	0.64021328	0.00081832524	
Up.ext_obl3_r.Y1           	0.11266729	0.11195441	0.0008180024	
Up.ext_obl4_r.Y0           	0.21282758	0.21102649	0.00081798398	
Up.ext_obl4_r.DT0          	0.53514102	0.53552426	0.00081810748	
Up.ext_obl4_r.Y1           	0.0097852538	0.0098186868	0.00081816173	
Up.int_obl1_l.Y0           	0.19998949	0.19975916	0.00081800503	
Up.int_obl1_l.DT0          	0.33255554	0.33160124	0.00081816872	
Up.int_obl1_l.Y1           	0.018724425	0.020263481	0.00081815033	
Up.int_obl2_l.Y0           	0.1517231	0.15245375	0.00081873909	
Up.int_obl2_l.DT0          	0.21282355	0.21337745	0.00081830925	
Up.int_obl2_l.Y1           	0.11062007	0.10993028	0.00081824519	
Up.int_obl3_l.Y0           	0.028750817	0.028063923	0.00081808877	
Up.int_obl3_l.DT0          	0.50297823	0.50219666	0.00081821315	
Up.int_obl3_l.Y1           	0.24129522	0.24127237	0.00081818484	
Up.int_obl4_l.Y0           	0.095425962	0.096861575	0.00081803366	
Up.int_obl4_l.DT0          	0.34596696	0.34722858	0.00081827348	
Up.int_obl4_l.Y1           	0.15163157	0.1523996	0.00081913093	
Up.rect_abd_l.Y0           	0.098287303	0.098841514	0.00081843761	
Up.rect_abd_l.DT0          	0.76294569	0.76292495	0.00081915231	
Up.rect_abd_l.Y1           	0.029082556	0.028002797	0.00081805709	
Up.quad_lumb_l.Y0          	0.18226512	0.18330962	0.00081806263	
Up.quad_lumb_l.DT0         	0.53578412	0.53578142	0.00081839059	
Up.quad_lumb_l.Y1          	0.065278404	0.064868063	0.00081824962	
Up.iliocostalis_il_l.Y0    	0.51662825	0.51609834	0.00081813649	
Up.iliocostalis_il_l.DT0   	0.26571759	0.26604583	0.00081805115	
Up.iliocostalis_il_l.Y1    	0.048309763	0.047735248	0.00081791036	
Up.iliocostalis_ic_l.Y0    	0.39350056	0.39309491	0.00081799344	
Up.iliocostalis_ic_l.DT0   	0.49992059	0.49852054	0.0008183893	
Up.iliocostalis_ic_l.Y1    	0.093772502	0.09412511	0.00081798596	
Up.longissimus_slt_l.Y0    	0.48026609	0.48128328	0.00081872453	
Up.longissimus_slt_l.DT0   	0.45991215	0.46026024	0.00081865408	
Up.longissimus_slt_l.Y1    	0.40746973	0.4080295	0.00081826429	
Up.spinalis_t_l.Y0         	0.079557987	0.079159906	0.00081826266	
Up.spinalis_t_l.DT0        	0.42041376	0.42112641	0.0008180936	
Up.spinalis_t_l.Y1         	0.069553563	0.068455048	0.00081823419	
Up.trap_scap_m_r.Y0        	0.060543209	0.060577517	0.00081849683	
Up.trap_scap_m_r.DT0       	0.34130218	0.34163999	0.00081858782	
Up.trap_scap_m_r.Y1        	0.019801096	0.019236365	0.00081812721	
Up.trap_scap_s_r.Y0        	0.59893261	0.59962457	0.00081811922	
Up.trap_scap_s_r.DT0       	0.28551033	0.28507635	0.00081824055	
Up.trap_scap_s_r.Y1        	0.40548861	0.4055498	0.00081993715	
Up.trap_scap_i_r.Y0        	0.18548935	0.18404098	0.00081842355	
Up.trap_scap_i_r.DT0       	0.36819314	0.36850551	0.00081815373	
Up.trap_scap_i_r.Y1        	0.13365923	0.1347528	0.00081808259	
Up.ser_ant_i_r.Y0          	0.14921993	0.14811562	0.00081838159	
Up.ser_ant_i_r.DT0         	0.51794009	0.51778166	0.00081850993	
Up.ser_ant_i_r.Y1          	0.46794321	0.46882879	0.00081876183	
Up.ser_ant_m_r.Y0          	0.13761416	0.13854494	0.00081817795	
Up.ser_ant_m_r.DT0         	0.75468983	0.75333334	0.00081814303	
Up.ser_ant_m_r.Y1          	0.32392464	0.32538316	0.0008181806	
Up.ser_ant_s_r.Y0          	0.025853022	0.025826584	0.00081843066	
Up.ser_ant_s_r.DT0         	0.29163005	0.29129145	0.00081816294	
Up.ser_ant_s_r.Y1          	0.1062283	0.10620645	0.00081836972	
Up.rhom_s_r.Y0             	0.10664181	0.10601862	0.00081809548	
Up.rhom_s_r.DT0            	0.69084143	0.68917858	0.00081815239	
Up.rhom_s_r.Y1             	0.17962191	0.18056635	0.00081824352	
Up.rhom_i_r.Y0             	0.21369177	0.21329835	0.00081814974	
Up.rhom_i_r.DT0            	0.35775594	0.35831869	0.00081857946	
Up.rhom_i_r.Y1             	0.16656511	0.16575405	0.00081832249	
Up.pect_min_r.Y0           	0.011658494	0.011535409	0.00081838498	
Up.pect_min_r.DT0          	0.5157789	0.51443644	0.00081839554	
Up.pect_min_r.Y1           	0.00426428	0.0038583908	0.00081830255	
Up.trap_clav_s_r.Y0        	0.093380265	0.093437808	0.000818173	
Up.trap_clav_s_r.DT0       	0.62428846	0.62397271	0.00081815752	
Up.trap_clav_s_r.Y1        	0.1977009	0.19854997	0.00081810746	
Up.lev_scap_r.Y0           	0.16238312	0.16176666	0.00081820495	
Up.lev_scap_r.DT0          	0.8133073	0.81352257	0.00081820385	
Up.lev_scap_r.Y1           	0.099388516	0.10057604	0.00081873574	
Up.delt_clav_a_r.Y0        	0.22892808	0.22946635	0.0008182016	
Up.delt_clav_a_r.DT0       	0.41748769	0.41807414	0.00081801917	
Up.delt_clav_a_r.Y1        	0.21790284	0.2183664	0.00081827799	
Up.delt_scap_p_r.Y0        	0.39760657	0.39683966	0.00081827351	
Up.delt_scap_p_r.DT0       	0.23860306	0.23932425	0.00081852485	
Up.delt_scap_p_r.Y1        	0.064406217	0.065880911	0.000818148	
Up.delt_scap_m_r.Y0        	0.45808315	0.45855142	0.00081854712	
Up.delt_scap_m_r.DT0       	0.7686889	0.76829997	0.00081832665	
Up.delt_scap_m_r.Y1        	0.4850758	0.48540059	0.00081858634	
Up.lat_dors_m_r.Y0         	0.20754605	0.20741478	0.00081813744	
Up.lat_dors_m_r.DT0        	0.60171139	0.60108818	0.00081828486	
Up.lat_dors_m_r.Y1         	0.0004204247	0.0010066988	0.0008184484	
Up.lat_dors_i_r.Y0         	0.015788352	0.01609068	0.00081811305	
Up.lat_dors_i_r.DT0        	0.36704031	0.36526634	0.00081837683	
Up.lat_dors_i_r.Y1         	0.0021842394	0.0023745679	0.0008178872	
Up.pect_maj_clav_s_r.Y0    	0.097426311	0.09860712	0.0008181397	
Up.pect_maj_clav_s_r.DT0   	0.53223605	0.53260392	0.00081821253	
Up.pect_maj_clav_s_r.Y1    	0.35204217	0.35151567	0.00081833033	
Up.pect_maj_thorax_i_r.Y0  	0.010848142	0.010650016	0.00081801456	
Up.pect_maj_thorax_i_r.DT0 	0.38328663	0.38374758	0.00081792933	
Up.pect_maj_thorax_i_r.Y1  	0.0015469962	0.0019613171	0.00081811758	
Up.pect_maj_thorax_m_r.Y0  	0.040358155	0.041058959	0.00081864053	
Up.pect_maj_thorax_m_r.DT0 	0.44793165	0.44724447	0.00081809504	
Up.pect_maj_thorax_m_r.Y1  	0.040532772	0.040042722	0.00081829159	
Up.teres_maj_r.Y0          	0.056229185	0.056352403	0.00081817371	
Up.teres_maj_r.DT0         	0.57179395	0.57245018	0.00081841696	
Up.teres_maj_r.Y1          	0.0080636451	0.00723863	0.00081808266	
Up.infraspi_i_r.Y0         	0.27543231	0.27504209	0.00081936249	
Up.infraspi_i_r.DT0        	0.72308348	0.72351951	0.00081812274	
Up.infraspi_i_r.Y1         	0.11507234	0.11565683	0.00081827717	
Up.infraspi_s_r.Y0         	0.032238123	0.031338867	0.00081826656	
Up.infraspi_s_r.DT0        	0.21005512	0.21011023	0.00081837531	
Up.infraspi_s_r.Y1         	0.29460963	0.29462001	0.00081908762	
Up.teres_min_r.Y0          	0.41025732	0.41085904	0.000818558	
Up.teres_min_r.DT0         	0.53406811	0.53327655	0.00081800932	
Up.teres_min_r.Y1          	0.013415673	0.012583913	0.00081805934	
Up.subscap_s_r.Y0          	0.054677764	0.054474076	0.00081827302	
Up.subscap_s_r.DT0         	0.79846856	0.79893162	0.00081830745	
Up.subscap_s_r.Y1          	0.10671109	0.10700054	0.00081818924	
Up.subscap_i_r.Y0          	0.13238092	0.13266144	0.00081827076	
Up.subscap_i_r.DT0         	0.37691223	0.37565259	0.00081806913	
Up.subscap_i_r.Y1          	0.0037507542	0.004466908	0.00081814829	
Up.supraspi_r.Y0           	0.19032609	0.19072993	0.00081792587	
Up.supraspi_r.DT0          	0.22775107	0.2292493	0.00081791527	
Up.supraspi_r.Y1           	0.43537061	0.43438788	0.00081914145	
Up.tri_long_r.Y0           	0.084207412	0.08387263	0.00081852699	
Up.tri_long_r.DT0          	0.26681379	0.26633418	0.00081815007	
Up.tri_long_r.Y1           	0.013906731	0.013711753	0.00081794027	
Up.tri_lat_r.Y0            	0.00051018024	0.00038943005	0.00081800904	
Up.tri_lat_r.DT0           	0.54326976	0.5433014	0.00081834079	
Up.tri_lat_r.Y1            	0.28798058	0.28817567	0.00081830411	
Up.coracobrach_r.Y0        	0.12141704	0.12217302	0.00081835548	
Up.coracobrach_r.DT0       	0.37990328	0.38045708	0.00081798147	
Up.coracobrach_r.Y1        	0.061244611	0.060562018	0.00081799638	
Up.bic_long_r.Y0           	0.54486773	0.54469965	0.00081814197	
Up.bic_long_r.DT0          	0.43618671	0.43651337	0.00081824233	
Up.bic_long_r.Y1           	0.0050811885	0.0040503503	0.00081858705	
Up.bic_brev_r.Y0           	0.047975261	0.048047945	0.0008179477	
Up.bic_brev_r.DT0          	0.47643647	0.4775005	0.00081841788	
Up.bic_brev_r.Y1           	0.1130423	0.11315966	0.00081903325	
Up.brach_r.Y0              	0.85341189	0.85250204	0.00081850716	
Up.brach_r.DT0             	0.36165067	0.36095844	0.00081900131	
Up.brach_r.Y1              	0.0074137227	0.0067600595	0.00081806325	
Up.brachiorad_r.Y0         	0.075417247	0.076656012	0.00081807377	
Up.brachiorad_r.DT0        	0.54397234	0.54572453	0.00081926516	
Up.brachiorad_r.Y1         	0.075079152	0.075427318	0.00081828794	
Up.supinator_r.Y0          	0.34837101	0.34902266	0.00081799069	
Up.supinator_r.DT0         	0.35817149	0.35834419	0.00081811431	
Up.supinator_r.Y1          	0.043272808	0.044229641	0.0008180244	
Up.pronator_teres_r.Y0     	0.16369501	0.16438147	0.00081811778	
Up.pronator_teres_r.DT0    	0.16151688	0.16177509	0.00081804084	
Up.pronator_teres_r.Y1     	0.15604724	0.15679003	0.0008182145	
Up.ext_carpi_rad_long_r.Y0 	0.1869793	0.18663113	0.00081815438	
Up.ext_carpi_rad_long_r.DT0	0.61557527	0.61761502	0.00081806006	
Up.ext_carpi_rad_long_r.Y1 	0.13323036	0.13176774	0.00081821113	
Up.ext_carpi_rad_brev_r.Y0 	0.01119673	0.012004579	0.00081806702	
Up.ext_carpi_rad_brev_r.DT0	0.87532939	0.87533697	0.00081811855	
Up.ext_carpi_rad_brev_r.Y1 	0.1561338	0.15455241	0.00081867695	
Up.ext_carpi_ulna_r.Y0     	0.10098976	0.10106116	0.00081835067	
Up.ext_carpi_ulna_r.DT0    	0.22144755	0.22070418	0.00081811055	
Up.ext_carpi_ulna_r.Y1     	0.045255696	0.045517401	0.00081861515	
Up.flex_carpi_rad_r.Y0     	0.21054814	0.21141324	0.00081839069	
Up.flex_carpi_rad_r.DT0    	0.20517645	0.2048572	0.00081803015	
Up.flex_carpi_rad_r.Y1     	0.00040996337	0.00063645717	0.000818084	
Up.flex_carpi_ulna_r.Y0    	0.29239084	0.29132456	0.00081829127	
Up.flex_carpi_ulna_r.DT0   	0.22410924	0.22383395	0.00081806959	
Up.flex_carpi_ulna_r.Y1    	0.0061308663	0.0063034406	0.00081811947	
Up.trap_scap_m_l.Y0        	0.056192255	0.056502927	0.00081796202	
Up.trap_scap_m_l.DT0       	0.3417972	0.3405699	0.00081800514	
Up.trap_scap_m_l.Y1        	0.00064053982	0.00045809512	0.0008181506	
Up.trap_scap_s_l.Y0        	0.089254783	0.090741449	0.00081817431	
Up.trap_scap_s_l.DT0       	0.33410216	0.33433194	0.00081838696	
Up.trap_scap_s_l.Y1        	0.014811573	0.014271561	0.00081819379	
Up.trap_scap_i_l.Y0        	0.096803135	0.096246153	0.00081839164	
Up.trap_scap_i_l.DT0       	0.52435197	0.52375086	0.00081918019	
Up.trap_scap_i_l.Y1        	0.016598245	0.015915874	0.00081834932	
Up.ser_ant_i_l.Y0          	0.075367672	0.074230192	0.0008183253	
Up.ser_ant_i_l.DT0         	0.28983801	0.28958999	0.00081807034	
Up.ser_ant_i_l.Y1          	0.024310541	0.024337535	0.00081817532	
Up.ser_ant_m_l.Y0          	0.010523206	0.010569611	0.00081808153	
Up.ser_ant_m_l.DT0         	0.52322326	0.52277715	0.00081818981	
Up.ser_ant_m_l.Y1          	0.024946144	0.02364402	0.00081821091	
Up.ser_ant_s_l.Y0          	0.00060812171	0.00033706083	0.00081798279	
Up.ser_ant_s_l.DT0         	0.35399215	0.353252	0.00081797234	
Up.ser_ant_s_l.Y1          	0.032672864	0.032781044	0.00081818335	
Up.rhom_s_l.Y0             	0.0082974764	0.0073591237	0.00081803638	
Up.rhom_s_l.DT0            	0.40430189	0.40454112	0.00081848368	
Up.rhom_s_l.Y1             	0.0048100628	0.0043015283	0.00081813585	
Up.rhom_i_l.Y0             	0.01033402	0.010416798	0.00081844241	
Up.rhom_i_l.DT0            	0.34598088	0.34655643	0.00081803398	
Up.rhom_i_l.Y1             	0.0041254789	0.0049660307	0.00081829892	
Up.pect_min_l.Y0           	0.055690512	0.054239544	0.0008183858	
Up.pect_min_l.DT0          	0.18937052	0.18746066	0.00081813462	
Up.pect_min_l.Y1           	0.012311077	0.012011641	0.00081807716	
Up.trap_clav_s_l.Y0        	0.023132897	0.023814594	0.00081809085	
Up.trap_clav_s_l.DT0       	0.46646488	0.46710461	0.00081823667	
Up.trap_clav_s_l.Y1        	0.0046044621	0.0046897901	0.00081850604	
Up.lev_scap_l.Y0           	0.077509479	0.077138065	0.00081806668	
Up.lev_scap_l.DT0          	0.61380605	0.61346401	0.00081810363	
Up.lev_scap_l.Y1           	0.059916897	0.059639004	0.0008181383	
Up.delt_clav_a_l.Y0        	0.0018590194	0.0016153966	0.0008180719	
Up.delt_clav_a_l.DT0       	0.42250453	0.42161457	0.00081824922	
Up.delt_clav_a_l.Y1        	0.010063388	0.011043751	0.00081795735	
Up.delt_scap_p_l.Y0        	0.0093425369	0.0086902403	0.00081801834	
Up.delt_scap_p_l.DT0       	0.62103548	0.62069822	0.0008181183	
Up.delt_scap_p_l.Y1        	0.0035252465	0.0035246978	0.00081812808	
Up.delt_scap_m_l.Y0        	0.10502345	0.10533959	0.00081800641	
Up.delt_scap_m_l.DT0       	0.22458215	0.22429709	0.00081827824	
Up.delt_scap_m_l.Y1        	0.018623476	0.01949587	0.00081809558	
Up.lat_dors_m_l.Y0         	0.12146575	0.12295701	0.00081903699	
Up.lat_dors_m_l.DT0        	0.34112423	0.34091981	0.0008180925	
Up.lat_dors_m_l.Y1         	0.0057459129	0.0046457017	0.0008179547	
Up.lat_dors_i_l.Y0         	0.08113793	0.081266385	0.00081859009	
Up.lat_dors_i_l.DT0        	0.37973468	0.38118661	0.00081805057	
Up.lat_dors_i_l.Y1         	0.016212398	0.016445253	0.00081813565	
Up.pect_maj_clav_s_l.Y0    	0.010022723	0.011247972	0.00081811678	
Up.pect_maj_clav_s_l.DT0   	0.32925933	0.32881534	0.00081799647	
Up.pect_maj_clav_s_l.Y1    	0.01207294	0.012517934	0.00081797836	
Up.pect_maj_thorax_i_l.Y0  	0.044413125	0.044783785	0.00081858409	
Up.pect_maj_thorax_i_l.DT0 	0.61207666	0.61164494	0.00081834972	
Up.pect_maj_thorax_i_l.Y1  	0.0040716571	0.003710885	0.00081846749	
Up.pect_maj_thorax_m_l.Y0  	0.14273824	0.14307815	0.0008183069	
Up.pect_maj_thorax_m_l.DT0 	0.2565238	0.2558049	0.00081824721	
Up.pect_maj_thorax_m_l.Y1  	0.017087433	0.018154772	0.00081860338	
Up.teres_maj_l.Y0          	0.16819046	0.16816976	0.00081801255	
Up.teres_maj_l.DT0         	0.30401677	0.30458539	0.00081839167	
Up.teres_maj_l.Y1          	0.0014826195	0.0019183812	0.00081820853	
Up.infraspi_i_l.Y0         	0.09348547	0.094281771	0.00081817574	
Up.infraspi_i_l.DT0        	0.30696506	0.30756809	0.00081849929	
Up.infraspi_i_l.Y1         	0.00018113171	6.87034e-05	0.0008180147	
Up.infraspi_s_l.Y0         	0.05440225	0.054700038	0.00081809306	
Up.infraspi_s_l.DT0        	0.44557595	0.44683177	0.0008181174	
Up.infraspi_s_l.Y1         	0.0020749143	0.0013605942	0.00081803065	
Up.teres_min_l.Y0          	0.028139868	0.028536774	0.00081804806	
Up.teres_min_l.DT0         	0.55888628	0.55937208	0.00081805344	
Up.teres_min_l.Y1          	0.021683513	0.022152461	0.00081824798	
Up.subscap_s_l.Y0          	0.0817839	0.081414403	0.00081945853	
Up.subscap_s_l.DT0         	0.3160859	0.31624854	0.00081803772	
Up.subscap_s_l.Y1          	0.017449021	0.016494304	0.00081800269	
Up.subscap_i_l.Y0          	0.0079616644	0.0080060905	0.00081800813	
Up.subscap_i_l.DT0         	0.43791803	0.43672151	0.00081829209	
Up.subscap_i_l.Y1          	0.0071933823	0.0060136328	0.00081832089	
Up.supraspi_l.Y0           	0.0069315375	0.0073544241	0.00081852057	
Up.supraspi_l.DT0          	0.26326019	0.26346743	0.00081818096	
Up.supraspi_l.Y1           	0.0044715338	0.0056673824	0.00081796341	
Up.tri_long_l.Y0           	0.0031197242	0.0047092618	0.00081806569	
Up.tri_long_l.DT0          	0.63096439	0.63194916	0.00081806019	
Up.tri_long_l.Y1           	0.022412999	0.022250159	0.00081796252	
Up.tri_lat_l.Y0            	0.046568476	0.04470686	0.00081797581	
Up.tri_lat_l.DT0           	0.45671278	0.45646261	0.00081822554	
Up.tri_lat_l.Y1            	0.0048478204	0.0042715615	0.00081796467	
Up.coracobrach_l.Y0        	0.085559862	0.084330557	0.00081803545	
Up.coracobrach_l.DT0       	0.35746196	0.35725411	0.00081799774	
Up.coracobrach_l.Y1        	0.0027021511	0.0020566571	0.00081813851	
Up.bic_long_l.Y0           	0.054768407	0.054245388	0.00081814098	
Up.bic_long_l.DT0          	0.37932332	0.37903395	0.00081819513	
Up.bic_long_l.Y1           	0.0069585563	0.0073169655	0.00081818306	
Up.bic_brev_l.Y0           	0.025476865	0.024938677	0.00081835175	
Up.bic_brev_l.DT0          	0.43639565	0.43617449	0.00081815806	
Up.bic_brev_l.Y1           	0.015400333	0.015512963	0.00081815723	
Up.brach_l.Y0              	0.022128254	0.021892945	0.00081835884	
Up.brach_l.DT0             	0.4388631	0.43825511	0.00081873564	
Up.brach_l.Y1              	0.013666657	0.013593459	0.00081804707	
Up.brachiorad_l.Y0         	0.029101582	0.02902047	0.00081841068	
Up.brachiorad_l.DT0        	0.17360326	0.17380266	0.0008181944	
Up.brachiorad_l.Y1         	0.054117629	0.053958659	0.0008184599	
Up.supinator_l.Y0          	0.0032099628	0.0023962366	0.00081819246	
Up.supinator_l.DT0         	0.33733397	0.33711008	0.00081828584	
Up.supinator_l.Y1          	0.019211197	0.018431032	0.00081820841	
Up.pronator_teres_l.Y0     	0.04239777	0.042591035	0.00081821997	
Up.pronator_teres_l.DT0    	0.45849596	0.45823872	0.00081811662	
Up.pronator_teres_l.Y1     	0.01300007	0.011636617	0.00081795223	
Up.ext_carpi_rad_long_l.Y0 	0.040187881	0.040847706	0.00081814945	
Up.ext_carpi_rad_long_l.DT0	0.40663666	0.40530069	0.00081822331	
Up.ext_carpi_rad_long_l.Y1 	0.021464682	0.022044916	0.00081816453	
Up.ext_carpi_rad_brev_l.Y0 	0.0016800028	0.00018957719	0.00081815912	
Up.ext_carpi_rad_brev_l.DT0	0.59473091	0.59503375	0.00081809179	
Up.ext_carpi_rad_brev_l.Y1 	0.0058327902	0.0048321901	0.00081849228	
Up.ext_carpi_ulna_l.Y0     	0.070646469	0.069959266	0.00081820341	
Up.ext_carpi_ulna_l.DT0    	0.59068	0.58982734	0.00081828261	
Up.ext_carpi_ulna_l.Y1     	0.00075437748	0.0004148493	0.00081853307	
Up.flex_carpi_rad_l.Y0     	0.038932231	0.038178657	0.0008185464	
Up.flex_carpi_rad_l.DT0    	0.14806896	0.14825536	0.00081807614	
Up.flex_carpi_rad_l.Y1     	0.02613839	0.025853666	0.00081814043	
Up.flex_carpi_ulna_l.Y0    	0.014208492	0.015888977	0.00081822964	
Up.flex_carpi_ulna_l.DT0   	0.73139032	0.73282029	0.00081800546	
Up.flex_carpi_ulna_l.Y1    	0.0084914983	0.0094901768	0.00081814918	
Up.long_col_c1thx_r.Y0     	0.080291792	0.080335808	0.0008181316	
Up.long_col_c1thx_r.DT0    	0.39466238	0.39604628	0.00081793249	
Up.long_col_c1thx_r.Y1     	0.044201237	0.043662213	0.00081868744	
Up.long_col_c1thx_l.Y0     	0.0022978455	0.0018046337	0.00081802442	
Up.long_col_c1thx_l.DT0    	0.30223635	0.30247908	0.00081816936	
Up.long_col_c1thx_l.Y1     	0.023532418	0.024354213	0.00081839732	
Fr.ext_obl1_l.Y0           	0.18639721	0.18685855	0.00081810601	
Fr.ext_obl1_l.DT0          	0.4642902	0.46480413	0.00081867724	
Fr.ext_obl1_l.Y1           	0.01277945	0.011346604	0.00081849719	
Fr.ext_obl2_l.Y0           	0.29118371	0.29091783	0.00081797543	
Fr.ext_obl2_l.DT0          	0.77787721	0.77802594	0.00081801622	
Fr.ext_obl2_l.Y1           	0.0080007519	0.0094395384	0.00081808733	
Fr.ext_obl3_l.Y0           	0.11680427	0.11669688	0.00081821064	
Fr.ext_obl3_l.DT0          	0.32368526	0.32438292	0.00081850921	
Fr.ext_obl3_l.Y1           	0.055816726	0.055349757	0.00081804034	
Fr.ext_obl4_l.Y0           	0.22637022	0.22665895	0.00081825955	
Fr.ext_obl4_l.DT0          	0.639879	0.64076573	0.00081846923	
Fr.ext_obl4_l.Y1           	0.030271442	0.029828174	0.00081937883	
Fr.int_obl1_r.Y0           	0.17677418	0.17672823	0.00081802584	
Fr.int_obl1_r.DT0          	0.48343024	0.48324542	0.00081817851	
Fr.int_obl1_r.Y1           	0.021833679	0.02197581	0.00081809775	
Fr.int_obl2_r.Y0           	0.082614076	0.081926703	0.0008182018	
Fr.int_obl2_r.DT0          	0.6020439	0.60158386	0.00081812996	
Fr.int_obl2_r.Y1           	0.0069249039	0.0068199202	0.00081848162	
Fr.int_obl3_r.Y0           	0.35272159	0.35232195	0.00081811283	
Fr.int_obl3_r.DT0          	0.19223711	0.19423198	0.00081807851	
Fr.int_obl3_r.Y1           	0.0039407526	0.0040059988	0.00081832612	
Fr.int_obl4_r.Y0           	0.43299384	0.43265922	0.00081823794	
Fr.int_obl4_r.DT0          	0.28706733	0.28612099	0.00081801368	
Fr.int_obl4_r.Y1           	0.0043697842	0.0032836406	0.00081855483	
Fr.rect_abd_r.Y0           	0.40644471	0.4067487	0.00081798159	
Fr.rect_abd_r.DT0          	0.64288612	0.64229279	0.00081847643	
Fr.rect_abd_r.Y1           	0.054718872	0.054809226	0.00081815183	
Fr.quad_lumb_r.Y0          	0.12009502	0.11869808	0.00081813083	
Fr.quad_lumb_r.DT0         	0.56872483	0.56892059	0.00081799576	
Fr.quad_lumb_r.Y1          	0.16928478	0.16911496	0.00081811102	
Fr.iliocostalis_il_r.Y0    	0.3482288	0.34777009	0.00081790085	
Fr.iliocostalis_il_r.DT0   	0.47431169	0.4737092	0.00081816017	
Fr.iliocostalis_il_r.Y1    	0.60723181	0.60801378	0.00082074747	
Fr.iliocostalis_ic_r.Y0    	0.20144844	0.20162297	0.00081803361	
Fr.iliocostalis_ic_r.DT0   	0.22789061	0.22820562	0.00081837715	
Fr.iliocostalis_ic_r.Y1    	0.3425853	0.34440954	0.00081835676	
Fr.longissimus_slt_r.Y0    	0.44078076	0.44047083	0.00081815132	
Fr.longissimus_slt_r.DT0   	0.30654686	0.30562327	0.00081829302	
Fr.longissimus_slt_r.Y1    	0.034392336	0.033251662	0.00081816593	
Fr.spinalis_t_r.Y0         	0.009836999	0.0083473033	0.00081823283	
Fr.spinalis_t_r.DT0        	0.10284611	0.10330863	0.00081811419	
Fr.spinalis_t_r.Y1         	0.056471449	0.057060658	0.00081813002	
Fr.ext_obl1_r.Y0           	0.19678628	0.19658443	0.00081797368	
Fr.ext_obl1_r.DT0          	0.15144956	0.15212627	0.00081794217	
Fr.ext_obl1_r.Y1           	0.085103751	0.084225512	0.00081817827	
Fr.ext_obl2_r.Y0           	0.026942026	0.026704984	0.00081817441	
Fr.ext_obl2_r.DT0          	0.4762974	0.47705922	0.00081849806	
Fr.ext_obl2_r.Y1           	0.21574977	0.21608047	0.00081889047	
Fr.ext_obl3_r.Y0           	0.20522994	0.20414654	0.00081813353	
Fr.ext_obl3_r.DT0          	0.58763641	0.58654939	0.0008179739	
Fr.ext_obl3_r.Y1           	0.066692459	0.066100269	0.00081808299	
Fr.ext_obl4_r.Y0           	0.317445	0.31793409	0.00081816278	
Fr.ext_obl4_r.DT0          	0.50114349	0.50121892	0.00081880423	
Fr.ext_obl4_r.Y1           	0.097317868	0.097445183	0.00081814309	
Fr.int_obl1_l.Y0           	0.19914765	0.19913412	0.00081826918	
Fr.int_obl1_l.DT0          	0.6127693	0.61427536	0.00081811089	
Fr.int_obl1_l.Y1           	0.2703702	0.27141488	0.00081841003	
Fr.int_obl2_l.Y0           	0.1308776	0.13098938	0.0008191495	
Fr.int_obl2_l.DT0          	0.27624561	0.27683174	0.00081835875	
Fr.int_obl2_l.Y1           	0.28416067	0.2837883	0.00081873774	
Fr.int_obl3_l.Y0           	0.1789146	0.17921319	0.00081871568	
Fr.int_obl3_l.DT0          	0.66394429	0.66409397	0.00081805864	
Fr.int_obl3_l.Y1           	0.34545959	0.34493298	0.00081841147	
Fr.int_obl4_l.Y0           	0.099253907	0.098889011	0.00081816086	
Fr.int_obl4_l.DT0          	0.52852131	0.52814583	0.00081806685	
Fr.int_obl4_l.Y1           	0.072451913	0.072993644	0.000818056	
Fr.rect_abd_l.Y0           	0.50383058	0.50443223	0.00081790455	
Fr.rect_abd_l.DT0          	0.20556856	0.20584318	0.00081813647	
Fr.rect_abd_l.Y1           	0.03413146	0.034861004	0.00081795595	
Fr.quad_lumb_l.Y0          	0.05867415	0.058518451	0.00081794503	
Fr.quad_lumb_l.DT0         	0.66834249	0.66783607	0.00081804579	
Fr.quad_lumb_l.Y1          	0.011019155	0.012616528	0.00081822877	
Fr.iliocostalis_il_l.Y0    	0.022099336	0.022757279	0.0008181127	
Fr.iliocostalis_il_l.DT0   	0.26248649	0.26146231	0.00081815034	
Fr.iliocostalis_il_l.Y1    	0.45214251	0.45143573	0.00081968912	
Fr.iliocostalis_ic_l.Y0    	0.0014712683	0.00077947987	0.00081832308	
Fr.iliocostalis_ic_l.DT0   	0.51370469	0.51355329	0.00081806323	
Fr.iliocostalis_ic_l.Y1    	0.018115868	0.018097594	0.00081808672	
Fr.longissimus_slt_l.Y0    	0.046403477	0.046112028	0.00081874676	
Fr.longissimus_slt_l.DT0   	0.4905266	0.49170872	0.00081806521	
Fr.longissimus_slt_l.Y1    	0.48179796	0.48215805	0.00081898453	
Fr.spinalis_t_l.Y0         	0.12457396	0.12559529	0.00081797458	
Fr.spinalis_t_l.DT0        	0.5991994	0.59991823	0.00081836373	
Fr.spinalis_t_l.Y1         	0.12043148	0.1211847	0.00081813688	
Fr.trap_scap_m_r.Y0        	0.17328103	0.17397752	0.00081817304	
Fr.trap_scap_m_r.DT0       	0.76263298	0.76272397	0.00081799297	
Fr.trap_scap_m_r.Y1        	0.072693942	0.073314129	0.00081812604	
Fr.trap_scap_s_r.Y0        	0.29171581	0.29231996	0.00081815757	
Fr.trap_scap_s_r.DT0       	0.91300923	0.91334351	0.00081817102	
Fr.trap_scap_s_r.Y1        	0.073860166	0.07320614	0.00081794406	
Fr.trap_scap_i_r.Y0        	0.11928769	0.11912943	0.00081993617	
Fr.trap_scap_i_r.DT0       	0.52177191	0.52196088	0.00081859621	
Fr.trap_scap_i_r.Y1        	0.067118837	0.066973004	0.0008194062	
Fr.ser_ant_i_r.Y0          	0.19488208	0.19456468	0.0008184483	
Fr.ser_ant_i_r.DT0         	0.18743124	0.1871541	0.00081826746	
Fr.ser_ant_i_r.Y1          	0.3634948	0.36236084	0.00081841527	
Fr.ser_ant_m_r.Y0          	0.082478621	0.083100149	0.00081823261	
Fr.ser_ant_m_r.DT0         	0.76206865	0.76237622	0.00081812367	
Fr.ser_ant_m_r.Y1          	0.43337987	0.43337206	0.00081813783	
Fr.ser_ant_s_r.Y0          	0.23752338	0.23865042	0.00081868202	
Fr.ser_ant_s_r.DT0         	0.495499	0.49616506	0.00081803283	
Fr.ser_ant_s_r.Y1          	0.053353823	0.051354137	0.0008182723	
Fr.rhom_s_r.Y0             	0.17821135	0.17831826	0.00081802664	
Fr.rhom_s_r.DT0            	0.26043112	0.26109442	0.00081813058	
Fr.rhom_s_r.Y1             	0.15552345	0.15440363	0.00081823948	
Fr.rhom_i_r.Y0             	0.21816106	0.21820971	0.00081803771	
Fr.rhom_i_r.DT0            	0.50437525	0.50495283	0.00081864462	
Fr.rhom_i_r.Y1             	0.062824359	0.064694212	0.00081803488	
Fr.pect_min_r.Y0           	0.10221768	0.10368845	0.00081844229	
Fr.pect_min_r.DT0          	0.70557867	0.70656717	0.00081882091	
Fr.pect_min_r.Y1           	0.034327274	0.034686471	0.00081800851	
Fr.trap_clav_s_r.Y0        	0.18293102	0.18252277	0.00081817729	
Fr.trap_clav_s_r.DT0       	0.84044425	0.84040292	0.00081851181	
Fr.trap_clav_s_r.Y1        	0.043812637	0.044174864	0.00081840483	
Fr.lev_scap_r.Y0           	0.13961087	0.13945665	0.00081832046	
Fr.lev_scap_r.DT0          	0.2458298	0.2451213	0.00081806788	
Fr.lev_scap_r.Y1           	0.080401937	0.079669803	0.00081913599	
Fr.delt_clav_a_r.Y0        	0.1367227	0.13760543	0.00081851043	
Fr.delt_clav_a_r.DT0       	0.72511043	0.72414122	0.00081846548	
Fr.delt_clav_a_r.Y1        	0.41800442	0.41785241	0.00081853822	
Fr.delt_scap_p_r.Y0        	0.020356622	0.019307616	0.00081840745	
Fr.delt_scap_p_r.DT0       	0.42656905	0.42575861	0.00081807916	
Fr.delt_scap_p_r.Y1        	0.047300996	0.046541417	0.00081830868	
Fr.delt_scap_m_r.Y0        	0.088063028	0.086121271	0.00081822189	
Fr.delt_scap_m_r.DT0       	0.46370445	0.46374511	0.00081807773	
Fr.delt_scap_m_r.Y1        	0.31825669	0.3183617	0.00081908233	
Fr.lat_dors_m_r.Y0         	0.19173247	0.19119137	0.0008182335	
Fr.lat_dors_m_r.DT0        	0.49729966	0.49715905	0.00081802166	
Fr.lat_dors_m_r.Y1         	0.013233019	0.013394031	0.00081799145	
Fr.lat_dors_i_r.Y0         	0.13186688	0.13468444	0.00081811112	
Fr.lat_dors_i_r.DT0        	0.27972888	0.28058976	0.00081866183	
Fr.lat_dors_i_r.Y1         	0.0097382218	0.0093001265	0.00081821843	
Fr.pect_maj_clav_s_r.Y0    	0.35898957	0.35863122	0.00081881275	
Fr.pect_maj_clav_s_r.DT0   	0.63264437	0.63275255	0.00081829308	
Fr.pect_maj_clav_s_r.Y1    	0.23163215	0.23112413	0.00081814648	
Fr.pect_maj_thorax_i_r.Y0  	0.034555509	0.035223807	0.00081807996	
Fr.pect_maj_thorax_i_r.DT0 	0.80334302	0.8039505	0.00081808156	
Fr.pect_maj_thorax_i_r.Y1  	0.020934925	0.020338073	0.00081839243	
Fr.pect_maj_thorax_m_r.Y0  	0.14042865	0.13903829	0.00081801832	
Fr.pect_maj_thorax_m_r.DT0 	0.70289761	0.70206468	0.0008181959	
Fr.pect_maj_thorax_m_r.Y1  	0.13665308	0.13716276	0.00081818954	
Fr.teres_maj_r.Y0          	0.20214407	0.20226894	0.00081823148	
Fr.teres_maj_r.DT0         	0.12909512	0.12856348	0.00081819064	
Fr.teres_maj_r.Y1          	0.001818029	0.0026083647	0.00081827954	
Fr.infraspi_i_r.Y0         	0.093200414	0.092631918	0.00081815887	
Fr.infraspi_i_r.DT0        	0.70875041	0.70907974	0.00081806531	
Fr.infraspi_i_r.Y1         	0.0089869499	0.0097617546	0.0008183167	
Fr.infraspi_s_r.Y0         	0.17374667	0.17353775	0.00081801545	
Fr.infraspi_s_r.DT0        	0.39901416	0.39908624	0.00081843402	
Fr.infraspi_s_r.Y1         	0.01361308	0.013404015	0.00081811438	
Fr.teres_min_r.Y0          	0.071044901	0.070155482	0.00081939872	
Fr.teres_min_r.DT0         	0.198706	0.19797524	0.00081797724	
Fr.teres_min_r.Y1          	0.060968681	0.062112524	0.00081806601	
Fr.subscap_s_r.Y0          	0.12332901	0.12234934	0.00081813401	
Fr.subscap_s_r.DT0         	0.73081092	0.73182278	0.00081801857	
Fr.subscap_s_r.Y1          	0.05014115	0.05187231	0.00081852477	
Fr.subscap_i_r.Y0          	0.42968228	0.43148281	0.00081794708	
Fr.subscap_i_r.DT0         	0.5578419	0.55845775	0.00081818393	
Fr.subscap_i_r.Y1          	0.037085464	0.034904579	0.00081809186	
Fr.supraspi_r.Y0           	0.39129446	0.39118346	0.0008184817	
Fr.supraspi_r.DT0          	0.53914999	0.53746252	0.0008181288	
Fr.supraspi_r.Y1           	0.34632253	0.34644571	0.00081847857	
Fr.tri_long_r.Y0           	0.035925064	0.035788543	0.00081816379	
Fr.tri_long_r.DT0          	0.41117748	0.41054082	0.00081826746	
Fr.tri_long_r.Y1           	0.089135021	0.090412307	0.0008185128	
Fr.tri_lat_r.Y0            	0.072590243	0.073049361	0.00081886465	
Fr.tri_lat_r.DT0           	0.34049345	0.34026086	0.00081832023	
Fr.tri_lat_r.Y1            	0.31488421	0.31459997	0.00081840149	
Fr.coracobrach_r.Y0        	0.17736769	0.17691153	0.00081826142	
Fr.coracobrach_r.DT0       	0.29907813	0.29923295	0.00081823549	
Fr.coracobrach_r.Y1        	0.033019045	0.033237324	0.00081806325	
Fr.bic_long_r.Y0           	0.31873901	0.31974012	0.00081860583	
Fr.bic_long_r.DT0          	0.30467993	0.30569251	0.0008180758	
Fr.bic_long_r.Y1           	0.31642922	0.31777181	0.00082031689	
Fr.bic_brev_r.Y0           	0.11397507	0.11430727	0.00081889802	
Fr.bic_brev_r.DT0          	0.85732155	0.85675632	0.00081820882	
Fr.bic_brev_r.Y1           	0.046206562	0.046276005	0.00081800948	
Fr.brach_r.Y0              	0.21051579	0.21099152	0.00081877772	
Fr.brach_r.DT0             	0.85789007	0.85818333	0.00081846523	
Fr.brach_r.Y1              	0.049615243	0.049716626	0.00081821932	
Fr.brachiorad_r.Y0         	0.14542364	0.14478177	0.00081889063	
Fr.brachiorad_r.DT0        	0.50688367	0.50843215	0.00081846699	
Fr.brachiorad_r.Y1         	0.023178969	0.02308285	0.00081823544	
Fr.supinator_r.Y0          	0.29701598	0.2972188	0.00081829868	
Fr.supinator_r.DT0         	0.71245898	0.71196434	0.00081824865	
Fr.supinator_r.Y1          	0.1362192	0.13609195	0.00081813457	
Fr.pronator_teres_r.Y0     	0.10013315	0.1007283	0.0008180591	
Fr.pronator_teres_r.DT0    	0.36594022	0.36800826	0.00081811517	
Fr.pronator_teres_r.Y1     	0.10422571	0.10435198	0.00081803284	
Fr.ext_carpi_rad_long_r.Y0 	0.21394538	0.21214634	0.00081838716	
Fr.ext_carpi_rad_long_r.DT0	0.23746919	0.23687447	0.0008180273	
Fr.ext_carpi_rad_long_r.Y1 	0.10767055	0.10787073	0.00081802008	
Fr.ext_carpi_rad_brev_r.Y0 	0.2513506	0.25171381	0.00081829674	
Fr.ext_carpi_rad_brev_r.DT0	0.26456871	0.26379121	0.00081846077	
Fr.ext_carpi_rad_brev_r.Y1 	0.077033338	0.078033371	0.00081890731	
Fr.ext_carpi_ulna_r.Y0     	0.24857073	0.24876578	0.00081804895	
Fr.ext_carpi_ulna_r.DT0    	0.30139636	0.30220078	0.00081813338	
Fr.ext_carpi_ulna_r.Y1     	0.092454465	0.092460637	0.00081808081	
Fr.flex_carpi_rad_r.Y0     	0.045535858	0.045251981	0.00081845352	
Fr.flex_carpi_rad_r.DT0    	0.78555694	0.78522407	0.00081833539	
Fr.flex_carpi_rad_r.Y1     	0.010317706	0.0095937695	0.00081869227	
Fr.flex_carpi_ulna_r.Y0    	0.23379085	0.23327903	0.00081839676	
Fr.flex_carpi_ulna_r.DT0   	0.14115801	0.14299433	0.00081815886	
Fr.flex_carpi_ulna_r.Y1    	0.015661183	0.015579483	0.0008180226	
Fr.trap_scap_m_l.Y0        	0.026210395	0.025996036	0.00081855364	
Fr.trap_scap_m_l.DT0       	0.33607871	0.33592589	0.00081861144	
Fr.trap_scap_m_l.Y1        	0.013099195	0.015179214	0.00081878022	
Fr.trap_scap_s_l.Y0        	0.0087308071	0.0099582064	0.000818246	
Fr.trap_scap_s_l.DT0       	0.55502514	0.55385027	0.00081813523	
Fr.trap_scap_s_l.Y1        	0.010345728	0.0097829009	0.00081799128	
Fr.trap_scap_i_l.Y0        	0.052279603	0.051879789	0.000818316	
Fr.trap_scap_i_l.DT0       	0.35705335	0.35662367	0.00081798967	
Fr.trap_scap_i_l.Y1        	0.039242219	0.038840125	0.00081827604	
Fr.ser_ant_i_l.Y0          	0.03713618	0.038019352	0.00081816734	
Fr.ser_ant_i_l.DT0         	0.36157994	0.36182235	0.00081830022	
Fr.ser_ant_i_l.Y1          	0.01464641	0.014613675	0.0008184226	
Fr.ser_ant_m_l.Y0          	0.099829776	0.09938739	0.00081804529	
Fr.ser_ant_m_l.DT0         	0.41305943	0.41422296	0.00081810653	
Fr.ser_ant_m_l.Y1          	0.0056983392	0.0060448344	0.00081811085	
Fr.ser_ant_s_l.Y0          	0.045003439	0.044888016	0.00081836498	
Fr.ser_ant_s_l.DT0         	0.41020833	0.41043256	0.00081814729	
Fr.ser_ant_s_l.Y1          	0.0078197392	0.0080051645	0.00081805202	
Fr.rhom_s_l.Y0             	0.063457537	0.064765565	0.00081832486	
Fr.rhom_s_l.DT0            	0.53563023	0.53607143	0.00081806589	
Fr.rhom_s_l.Y1             	0.025075565	0.024894799	0.00081828468	
Fr.rhom_i_l.Y0             	0.070278276	0.06940934	0.00081797399	
Fr.rhom_i_l.DT0            	0.48671186	0.48675923	0.00081821841	
Fr.rhom_i_l.Y1             	0.0068581696	0.007100028	0.00081802181	
Fr.pect_min_l.Y0           	0.057295718	0.058026993	0.00081828892	
Fr.pect_min_l.DT0          	0.52460133	0.524326	0.00081868297	
Fr.pect_min_l.Y1           	0.015929618	0.015734659	0.00081820987	
Fr.trap_clav_s_l.Y0        	0.011323054	0.011940125	0.00081815224	
Fr.trap_clav_s_l.DT0       	0.33515306	0.33552598	0.00081845149	
Fr.trap_clav_s_l.Y1        	0.14492233	0.14462109	0.00081831414	
Fr.lev_scap_l.Y0           	0.10240209	0.10335634	0.00081814109	
Fr.lev_scap_l.DT0          	0.36074007	0.36011535	0.00081818473	
Fr.lev_scap_l.Y1           	0.033693645	0.0333105	0.00081803001	
Fr.delt_clav_a_l.Y0        	0.072103468	0.070260832	0.00081800404	
Fr.delt_clav_a_l.DT0       	0.24388829	0.24505173	0.00081826817	
Fr.delt_clav_a_l.Y1        	0.0075109653	0.0072577131	0.00081820624	
Fr.delt_scap_p_l.Y0        	0.0027216409	0.0023552438	0.00081799567	
Fr.delt_scap_p_l.DT0       	0.60379978	0.60272652	0.00081845088	
Fr.delt_scap_p_l.Y1        	0.014848968	0.012478031	0.00081827762	
Fr.delt_scap_m_l.Y0        	0.073308158	0.073828457	0.00081817788	
Fr.delt_scap_m_l.DT0       	0.61648259	0.61685979	0.00081838522	
Fr.delt_scap_m_l.Y1        	0.00099809328	0.00092438847	0.00081790985	
Fr.lat_dors_m_l.Y0         	0.08715377	0.086419668	0.0008180897	
Fr.lat_dors_m_l.DT0        	0.23216956	0.23221789	0.00081861013	
Fr.lat_dors_m_l.Y1         	0.02421498	0.022142186	0.00081852746	
Fr.lat_dors_i_l.Y0         	0.012255578	0.011882244	0.00081792561	
Fr.lat_dors_i_l.DT0        	0.53103315	0.53021893	0.00081827848	
Fr.lat_dors_i_l.Y1         	0.011128446	0.011902549	0.00081828451	
Fr.pect_maj_clav_s_l.Y0    	0.031328973	0.032930102	0.00081836373	
Fr.pect_maj_clav_s_l.DT0   	0.50906262	0.50898115	0.00081905281	
Fr.pect_maj_clav_s_l.Y1    	0.030337114	0.029127044	0.00081825012	
Fr.pect_maj_thorax_i_l.Y0  	0.03897719	0.038375249	0.00081802685	
Fr.pect_maj_thorax_i_l.DT0 	0.33043107	0.33032239	0.00081820892	
Fr.pect_maj_thorax_i_l.Y1  	0.034075802	0.033594576	0.00081807842	
Fr.pect_maj_thorax_m_l.Y0  	0.041808183	0.041385262	0.00081918532	
Fr.pect_maj_thorax_m_l.DT0 	0.38882987	0.38742498	0.00081871809	
Fr.pect_maj_thorax_m_l.Y1  	0.017362148	0.016682292	0.00081795755	
Fr.teres_maj_l.Y0          	0.1099909	0.11104113	0.00081802859	
Fr.teres_maj_l.DT0         	0.3841599	0.3830416	0.00081804026	
Fr.teres_maj_l.Y1          	0.016599203	0.015491086	0.00081813995	
Fr.infraspi_i_l.Y0         	0.028261549	0.028568787	0.00081937422	
Fr.infraspi_i_l.DT0        	0.52797014	0.52794739	0.0008181451	
Fr.infraspi_i_l.Y1         	0.043808171	0.044419118	0.00081797614	
Fr.infraspi_s_l.Y0         	0.003028525	0.002225828	0.00081824	
Fr.infraspi_s_l.DT0        	0.54657078	0.54818632	0.00081820723	
Fr.infraspi_s_l.Y1         	0.007913302	0.0080717174	0.00081814495	
Fr.teres_min_l.Y0          	0.066001583	0.065360704	0.00081862081	
Fr.teres_min_l.DT0         	0.43377105	0.43378543	0.00081811916	
Fr.teres_min_l.Y1          	0.0030551782	0.0035008262	0.00081820754	
Fr.subscap_s_l.Y0          	0.0046009265	0.0053826909	0.000818339	
Fr.subscap_s_l.DT0         	0.38486992	0.38403252	0.00081816715	
Fr.subscap_s_l.Y1          	0.0049057178	0.0058896846	0.0008180565	
Fr.subscap_i_l.Y0          	0.0057565727	0.0056483247	0.00081806053	
Fr.subscap_i_l.DT0         	0.34163602	0.34093887	0.0008181241	
Fr.subscap_i_l.Y1          	0.023332363	0.022701562	0.00081814862	
Fr.supraspi_l.Y0           	0.091468524	0.092111468	0.00081828643	
Fr.supraspi_l.DT0          	0.45531081	0.4561838	0.00081829802	
Fr.supraspi_l.Y1           	0.0056931442	0.0051474288	0.00081813684	
Fr.tri_long_l.Y0           	0.063012509	0.061971238	0.00081815681	
Fr.tri_long_l.DT0          	0.40603343	0.40629504	0.00081835958	
Fr.tri_long_l.Y1           	0.0072837199	0.0076467774	0.00081842838	
Fr.tri_lat_l.Y0            	0.057729023	0.056610216	0.00081813212	
Fr.tri_lat_l.DT0           	0.4649256	0.46450877	0.00081824625	
Fr.tri_lat_l.Y1            	0.00064363625	0.0013722472	0.00081803121	
Fr.coracobrach_l.Y0        	0.22723003	0.22710936	0.00081848307	
Fr.coracobrach_l.DT0       	0.20602416	0.20589239	0.00081806854	
Fr.coracobrach_l.Y1        	0.004555567	0.0048817829	0.00081804383	
Fr.bic_long_l.Y0           	0.12659699	0.12647369	0.00081804382	
Fr.bic_long_l.DT0          	0.22945684	0.22974669	0.00081842492	
Fr.bic_long_l.Y1           	0.019623621	0.019496923	0.00081844245	
Fr.bic_brev_l.Y0           	0.098899032	0.098747981	0.00081888385	
Fr.bic_brev_l.DT0          	0.50810643	0.50930772	0.00081855135	
Fr.bic_brev_l.Y1           	0.011400376	0.011350677	0.00081874006	
Fr.brach_l.Y0              	0.020820858	0.021705556	0.00081827156	
Fr.brach_l.DT0             	0.34350238	0.34363506	0.00081824851	
Fr.brach_l.Y1              	0.015325401	0.015104406	0.00081818366	
Fr.brachiorad_l.Y0         	0.097612783	0.097321948	0.00081811661	
Fr.brachiorad_l.DT0        	0.68891387	0.68832257	0.00081806896	
Fr.brachiorad_l.Y1         	0.0010396863	0.0017449878	0.00081834772	
Fr.supinator_l.Y0          	0.069315924	0.069128142	0.00081870581	
Fr.supinator_l.DT0         	0.44580532	0.44733708	0.00081803221	
Fr.supinator_l.Y1          	0.00052171176	0.00045722134	0.00081821769	
Fr.pronator_teres_l.Y0     	0.07621921	0.07683984	0.00081813287	
Fr.pronator_teres_l.DT0    	0.46043294	0.45995383	0.0008184328	
Fr.pronator_teres_l.Y1     	0.023643458	0.023516181	0.00081818349	
Fr.ext_carpi_rad_long_l.Y0 	0.11158804	0.1126896	0.0008179889	
Fr.ext_carpi_rad_long_l.DT0	0.55560415	0.55589178	0.00081835709	
Fr.ext_carpi_rad_long_l.Y1 	0.024600406	0.024187355	0.00081805112	
Fr.ext_carpi_rad_brev_l.Y0 	0.035543604	0.036275238	0.000818555	
Fr.ext_carpi_rad_brev_l.DT0	0.33159364	0.33088812	0.00081829571	
Fr.ext_carpi_rad_brev_l.Y1 	0.019489288	0.017387135	0.00081838738	
Fr.ext_carpi_ulna_l.Y0     	0.11200135	0.11133835	0.00081843971	
Fr.ext_carpi_ulna_l.DT0    	0.4515784	0.45132527	0.00081829993	
Fr.ext_carpi_ulna_l.Y1     	0.01055837	0.010847713	0.0008181884	
Fr.flex_carpi_rad_l.Y0     	0.084968389	0.084078145	0.00081821953	
Fr.flex_carpi_rad_l.DT0    	0.50124829	0.50024224	0.00081845834	
Fr.flex_carpi_rad_l.Y1     	0.05226445	0.052586387	0.00081846422	
Fr.flex_carpi_ulna_l.Y0    	0.049730284	0.049536245	0.00081822124	
Fr.flex_carpi_ulna_l.DT0   	0.36355213	0.36362899	0.00081917177	
Fr.flex_carpi_ulna_l.Y1    	0.017574252	0.017973807	0.00081827313	
Fr.long_col_c1thx_r.Y0     	0.0015834631	0.0025902244	0.00081811667	
Fr.long_col_c1thx_r.DT0    	0.48923332	0.48849966	0.00081816937	
Fr.long_col_c1thx_r.Y1     	0.067490118	0.066594572	0.00081815724	
Fr.long_col_c1thx_l.Y0     	0.1547031	0.15492478	0.00081805663	
Fr.long_col_c1thx_l.DT0    	0.44234857	0.44191218	0.0008185915	
Fr.long_col_c1thx_l.Y1     	0.007979898	0.0070985383	0.00081818383	
Bh.ext_obl1_l.Y0           	0.4328505	0.43242625	0.00081852263	
Bh.ext_obl1_l.DT0          	0.54333912	0.5447555	0.00081817685	
Bh.ext_obl1_l.Y1           	0.12032155	0.12048483	0.00081813901	
Bh.ext_obl2_l.Y0           	0.26113762	0.26083049	0.00081849395	
Bh.ext_obl2_l.DT0          	0.41199419	0.41263702	0.0008183967	
Bh.ext_obl2_l.Y1           	0.11294793	0.1145098	0.00081872451	
Bh.ext_obl3_l.Y0           	0.25197173	0.25208935	0.00081833813	
Bh.ext_obl3_l.DT0          	0.3769643	0.37842549	0.00081817593	
Bh.ext_obl3_l.Y1           	0.0086701879	0.0083678757	0.00081798799	
Bh.ext_obl4_l.Y0           	0.095709564	0.09451186	0.00081889154	
Bh.ext_obl4_l.DT0          	0.69558881	0.69478638	0.00081833157	
Bh.ext_obl4_l.Y1           	0.016887671	0.01641985	0.00081841865	
Bh.int_obl1_r.Y0           	0.12247333	0.12226469	0.00081866359	
Bh.int_obl1_r.DT0          	0.57556317	0.57691674	0.00081807656	
Bh.int_obl1_r.Y1           	0.042328575	0.04096445	0.00081820197	
Bh.int_obl2_r.Y0           	0.13298593	0.1342246	0.00081861955	
Bh.int_obl2_r.DT0          	0.64920133	0.6500297	0.00081834715	
Bh.int_obl2_r.Y1           	0.22066475	0.22056454	0.00081817546	
Bh.int_obl3_r.Y0           	0.0039578056	0.0037526328	0.00081815813	
Bh.int_obl3_r.DT0          	0.4212144	0.42149164	0.00081833044	
Bh.int_obl3_r.Y1           	0.2095327	0.20947613	0.00081804137	
Bh.int_obl4_r.Y0           	0.083742146	0.083099068	0.00081800168	
Bh.int_obl4_r.DT0          	0.20187427	0.20086838	0.00081829629	
Bh.int_obl4_r.Y1           	0.11740986	0.11558083	0.00081853491	
Bh.rect_abd_r.Y0           	0.0063407281	0.0068098632	0.00081797246	
Bh.rect_abd_r.DT0          	0.33958423	0.33977327	0.00081872078	
Bh.rect_abd_r.Y1           	0.046128019	0.046549429	0.0008180086	
Bh.quad_lumb_r.Y0          	0.17289677	0.17352981	0.00081812034	
Bh.quad_lumb_r.DT0         	0.39277508	0.3911907	0.00081815532	
Bh.quad_lumb_r.Y1          	0.046834474	0.04777252	0.00081802039	
Bh.iliocostalis_il_r.Y0    	0.2796419	0.27846421	0.00081877312	
Bh.iliocostalis_il_r.DT0   	0.57814987	0.57868699	0.00081840873	
Bh.iliocostalis_il_r.Y1    	0.33424685	0.33412586	0.00081954867	
Bh.iliocostalis_ic_r.Y0    	0.20698258	0.20880967	0.00081887701	
Bh.iliocostalis_ic_r.DT0   	0.476201	0.47514849	0.00081824997	
Bh.iliocostalis_ic_r.Y1    	0.062863709	0.063351612	0.0008183059	
Bh.longissimus_slt_r.Y0    	0.91583112	0.91781269	0.00081825282	
Bh.longissimus_slt_r.DT0   	0.43123789	0.43195544	0.00081830381	
Bh.longissimus_slt_r.Y1    	0.38494003	0.38564761	0.00081838163	
Bh.spinalis_t_r.Y0         	0.089984528	0.089840894	0.00081807413	
Bh.spinalis_t_r.DT0        	0.3680155	0.36751865	0.0008183091	
Bh.spinalis_t_r.Y1         	0.01154922	0.012670838	0.00081803673	
Bh.ext_obl1_r.Y0           	0.063194093	0.064388484	0.00081834724	
Bh.ext_obl1_r.DT0          	0.53482777	0.53469994	0.00081844699	
Bh.ext_obl1_r.Y1           	0.26646501	0.26587673	0.00081824686	
Bh.ext_obl2_r.Y0           	0.015006932	0.015222961	0.0008181744	
Bh.ext_obl2_r.DT0          	0.43901964	0.43907933	0.00081841322	
Bh.ext_obl2_r.Y1           	0.18826951	0.18764881	0.00081816651	
Bh.ext_obl3_r.Y0           	0.14707627	0.14575244	0.00081825248	
Bh.ext_obl3_r.DT0          	0.50147706	0.50166535	0.00081817705	
Bh.ext_obl3_r.Y1           	0.1254671	0.12584651	0.00081801031	
Bh.ext_obl4_r.Y0           	0.18586682	0.18560351	0.00081818227	
Bh.ext_obl4_r.DT0          	0.28391045	0.28486489	0.00081795748	
Bh.ext_obl4_r.Y1           	0.090635533	0.092085192	0.00081814043	
Bh.int_obl1_l.Y0           	0.10796757	0.10848452	0.00081805171	
Bh.int_obl1_l.DT0          	0.65807746	0.65812603	0.00081831151	
Bh.int_obl1_l.Y1           	0.053746185	0.054112512	0.00081822624	
Bh.int_obl2_l.Y0           	0.08745504	0.086223731	0.00081801536	
Bh.int_obl2_l.DT0          	0.49937117	0.49995737	0.00081815101	
Bh.int_obl2_l.Y1           	0.1386188	0.138977	0.00081828872	
Bh.int_obl3_l.Y0           	0.11545115	0.11642944	0.00081850873	
Bh.int_obl3_l.DT0          	0.33303567	0.33259187	0.00081800129	
Bh.int_obl3_l.Y1           	0.15156107	0.15101711	0.00081804356	
Bh.int_obl4_l.Y0           	0.080506217	0.080677449	0.00081838468	
Bh.int_obl4_l.DT0          	0.50214082	0.50305786	0.00081857541	
Bh.int_obl4_l.Y1           	0.15727772	0.15610479	0.00081796998	
Bh.rect_abd_l.Y0           	0.054034133	0.054354695	0.00081827946	
Bh.rect_abd_l.DT0          	0.6267056	0.62778483	0.0008181206	
Bh.rect_abd_l.Y1           	0.22555739	0.22499096	0.00081811488	
Bh.quad_lumb_l.Y0          	0.071461188	0.071945235	0.00081873138	
Bh.quad_lumb_l.DT0         	0.24487548	0.24541027	0.00081808723	
Bh.quad_lumb_l.Y1          	0.072179841	0.074180072	0.00081862804	
Bh.iliocostalis_il_l.Y0    	0.76853671	0.76785095	0.00081803303	
Bh.iliocostalis_il_l.DT0   	0.25281685	0.25161149	0.0008180786	
Bh.iliocostalis_il_l.Y1    	0.36739395	0.3673665	0.0008200051	
Bh.iliocostalis_ic_l.Y0    	0.13465066	0.1335968	0.00081821554	
Bh.iliocostalis_ic_l.DT0   	0.61141039	0.61152297	0.00081853841	
Bh.iliocostalis_ic_l.Y1    	0.1364498	0.13578794	0.00081841405	
Bh.longissimus_slt_l.Y0    	0.51311204	0.51365941	0.00081820042	
Bh.longissimus_slt_l.DT0   	0.35332751	0.35447737	0.00081877106	
Bh.longissimus_slt_l.Y1    	0.14882494	0.14934533	0.0008181246	
Bh.spinalis_t_l.Y0         	0.08138609	0.083404318	0.00081840408	
Bh.spinalis_t_l.DT0        	0.21235559	0.21116471	0.00081794524	
Bh.spinalis_t_l.Y1         	0.010018382	0.0096635656	0.00081802578	
Bh.trap_scap_m_r.Y0        	0.1593143	0.15925893	0.00081855222	
Bh.trap_scap_m_r.DT0       	0.6656764	0.6661441	0.00081848407	
Bh.trap_scap_m_r.Y1        	0.17670499	0.17703412	0.00081812307	
Bh.trap_scap_s_r.Y0        	0.045666262	0.046626995	0.00081849495	
Bh.trap_scap_s_r.DT0       	0.4621769	0.46244139	0.00081894937	
Bh.trap_scap_s_r.Y1        	0.041432504	0.040178255	0.00081874984	
Bh.trap_scap_i_r.Y0        	0.11786671	0.11804871	0.00081794944	
Bh.trap_scap_i_r.DT0       	0.18161902	0.18090209	0.00081834638	
Bh.trap_scap_i_r.Y1        	0.06980439	0.0683638	0.00081808773	
Bh.ser_ant_i_r.Y0          	0.11731338	0.1158678	0.00081815923	
Bh.ser_ant_i_r.DT0         	0.41131285	0.41188003	0.00081825281	
Bh.ser_ant_i_r.Y1          	0.058105314	0.058474741	0.00081827003	
Bh.ser_ant_m_r.Y0          	0.20125588	0.20096037	0.00081821744	
Bh.ser_ant_m_r.DT0         	0.21027575	0.20895246	0.00081809774	
Bh.ser_ant_m_r.Y1          	0.11597784	0.11650709	0.00081822766	
Bh.ser_ant_s_r.Y0          	0.2362467	0.23763258	0.00081802783	
Bh.ser_ant_s_r.DT0         	0.7148834	0.71442193	0.00081840861	
Bh.ser_ant_s_r.Y1          	0.047896842	0.048491789	0.00081815297	
Bh.rhom_s_r.Y0             	0.071048743	0.070829962	0.00081826748	
Bh.rhom_s_r.DT0            	0.45684846	0.45720949	0.00081842891	
Bh.rhom_s_r.Y1             	0.17197563	0.17213764	0.00081825227	
Bh.rhom_i_r.Y0             	0.12613459	0.12663439	0.00081804538	
Bh.rhom_i_r.DT0            	0.27191553	0.27236631	0.0008185646	
Bh.rhom_i_r.Y1             	0.32449671	0.32478999	0.00081864674	
Bh.pect_min_r.Y0           	0.034011068	0.033003596	0.00081834197	
Bh.pect_min_r.DT0          	0.74150031	0.74238607	0.00081796315	
Bh.pect_min_r.Y1           	0.0013648801	0.0010375689	0.00081850112	
Bh.trap_clav_s_r.Y0        	0.055687928	0.05721121	0.00081846704	
Bh.trap_clav_s_r.DT0       	0.35968682	0.36012534	0.00081827729	
Bh.trap_clav_s_r.Y1        	0.044308545	0.043883071	0.00081842393	
Bh.lev_scap_r.Y0           	0.23100428	0.2297708	0.00081804537	
Bh.lev_scap_r.DT0          	0.48888705	0.48871696	0.00081825555	
Bh.lev_scap_r.Y1           	0.049004583	0.048918625	0.00081819837	
Bh.delt_clav_a_r.Y0        	0.11075971	0.11079631	0.00081875043	
Bh.delt_clav_a_r.DT0       	0.24351741	0.2434604	0.00081802924	
Bh.delt_clav_a_r.Y1        	0.062419042	0.061970748	0.00081795899	
Bh.delt_scap_p_r.Y0        	0.073926078	0.074448768	0.00081814795	
Bh.delt_scap_p_r.DT0       	0.21022959	0.21104741	0.00081857243	
Bh.delt_scap_p_r.Y1        	0.3643856	0.36534278	0.00081994336	
Bh.delt_scap_m_r.Y0        	0.11190318	0.11064757	0.00081793476	
Bh.delt_scap_m_r.DT0       	0.41250398	0.41193314	0.00081815652	
Bh.delt_scap_m_r.Y1        	0.099044817	0.10064077	0.00081797765	
Bh.lat_dors_m_r.Y0         	0.44433229	0.44345669	0.00081861715	
Bh.lat_dors_m_r.DT0        	0.38271442	0.38384301	0.00081813961	
Bh.lat_dors_m_r.Y1         	0.20085255	0.20214392	0.00081889561	
Bh.lat_dors_i_r.Y0         	0.10969552	0.1095569	0.0008179656	
Bh.lat_dors_i_r.DT0        	0.40447276	0.40488618	0.00081849998	
Bh.lat_dors_i_r.Y1         	0.15417385	0.15410337	0.00081830844	
Bh.pect_maj_clav_s_r.Y0    	0.22644579	0.22641127	0.00081849867	
Bh.pect_maj_clav_s_r.DT0   	0.17626894	0.17645293	0.00081787509	
Bh.pect_maj_clav_s_r.Y1    	0.060857223	0.060777388	0.00081812786	
Bh.pect_maj_thorax_i_r.Y0  	0.036115098	0.037275411	0.00081785822	
Bh.pect_maj_thorax_i_r.DT0 	0.79971953	0.80061217	0.0008179295	
Bh.pect_maj_thorax_i_r.Y1  	0.019752413	0.019046982	0.00081847729	
Bh.pect_maj_thorax_m_r.Y0  	0.073401086	0.072768718	0.00081797902	
Bh.pect_maj_thorax_m_r.DT0 	0.54395062	0.54327549	0.00081857229	
Bh.pect_maj_thorax_m_r.Y1  	0.40058601	0.40036175	0.00081822956	
Bh.teres_maj_r.Y0          	0.65278275	0.65062991	0.00081821762	
Bh.teres_maj_r.DT0         	0.72835458	0.72931641	0.00081832275	
Bh.teres_maj_r.Y1          	0.068607212	0.068574592	0.00081853799	
Bh.infraspi_i_r.Y0         	0.40241409	0.40362025	0.00081806634	
Bh.infraspi_i_r.DT0        	0.19402703	0.19451405	0.00081878037	
Bh.infraspi_i_r.Y1         	0.0080998924	0.009004129	0.0008182074	
Bh.infraspi_s_r.Y0         	0.00052270175	0.0021350576	0.0008181447	
Bh.infraspi_s_r.DT0        	0.63474545	0.63368925	0.0008181439	
Bh.infraspi_s_r.Y1         	0.014258045	0.013884372	0.00081803923	
Bh.teres_min_r.Y0          	0.45468746	0.45508239	0.00081819483	
Bh.teres_min_r.DT0         	0.66082801	0.66048465	0.00081799297	
Bh.teres_min_r.Y1          	0.072364375	0.072452259	0.00081817227	
Bh.subscap_s_r.Y0          	0.069709438	0.068762218	0.00081846976	
Bh.subscap_s_r.DT0         	0.56606511	0.56697054	0.00081867658	
Bh.subscap_s_r.Y1          	0.41100271	0.41068395	0.00081806725	
Bh.subscap_i_r.Y0          	0.33659079	0.33615263	0.0008180745	
Bh.subscap_i_r.DT0         	0.76550574	0.76446599	0.00081811387	
Bh.subscap_i_r.Y1          	0.005009173	0.0052020022	0.00081798669	
Bh.supraspi_r.Y0           	0.22487097	0.22683775	0.00081788402	
Bh.supraspi_r.DT0          	0.46658621	0.46731995	0.00081829531	
Bh.supraspi_r.Y1           	0.12385989	0.12381984	0.00081856167	
Bh.tri_long_r.Y0           	0.17868765	0.17701892	0.00081801865	
Bh.tri_long_r.DT0          	0.47089751	0.47048645	0.00081829845	
Bh.tri_long_r.Y1           	0.044009049	0.045496916	0.00081807233	
Bh.tri_lat_r.Y0            	0.045014425	0.044789682	0.00081768516	
Bh.tri_lat_r.DT0           	0.71383522	0.71386967	0.00081821298	
Bh.tri_lat_r.Y1            	0.05613977	0.057579952	0.00081817088	
Bh.coracobrach_r.Y0        	0.35868866	0.35848291	0.00081826143	
Bh.coracobrach_r.DT0       	0.57992613	0.58030625	0.00081801645	
Bh.coracobrach_r.Y1        	0.032696304	0.033984201	0.00081834392	
Bh.bic_long_r.Y0           	0.077403878	0.077473076	0.00081794709	
Bh.bic_long_r.DT0          	0.74188487	0.74236793	0.00081875979	
Bh.bic_long_r.Y1           	0.24652156	0.24590426	0.00081803008	
Bh.bic_brev_r.Y0           	0.30426527	0.30506057	0.00081808129	
Bh.bic_brev_r.DT0          	0.31932234	0.31740854	0.00081801373	
Bh.bic_brev_r.Y1           	0.018583236	0.020461354	0.00081803998	
Bh.brach_r.Y0              	0.35090697	0.3515741	0.00081932194	
Bh.brach_r.DT0             	0.73032075	0.73053874	0.00081816425	
Bh.brach_r.Y1              	0.1280999	0.12839867	0.00081852504	
Bh.brachiorad_r.Y0         	0.32329016	0.32409801	0.00081802846	
Bh.brachiorad_r.DT0        	0.17496422	0.17553577	0.00081871477	
Bh.brachiorad_r.Y1         	0.024738984	0.024162827	0.00081805157	
Bh.supinator_r.Y0          	0.13372278	0.13330864	0.00081867516	
Bh.supinator_r.DT0         	0.39823022	0.39876678	0.000818331	
Bh.supinator_r.Y1          	0.011927237	0.011213367	0.00081819741	
Bh.pronator_teres_r.Y0     	0.24737147	0.24736974	0.00081824164	
Bh.pronator_teres_r.DT0    	0.51869628	0.51873106	0.0008180643	
Bh.pronator_teres_r.Y1     	0.21754873	0.2179788	0.00081849457	
Bh.ext_carpi_rad_long_r.Y0 	0.066866421	0.066649671	0.00081810989	
Bh.ext_carpi_rad_long_r.DT0	0.34114529	0.34112795	0.00081825183	
Bh.ext_carpi_rad_long_r.Y1 	0.016893556	0.015676614	0.00081857471	
Bh.ext_carpi_rad_brev_r.Y0 	0.44854622	0.44766253	0.0008180196	
Bh.ext_carpi_rad_brev_r.DT0	0.755046	0.75404503	0.00081804861	
Bh.ext_carpi_rad_brev_r.Y1 	0.02151155	0.021695631	0.00081793523	
Bh.ext_carpi_ulna_r.Y0     	0.61086814	0.61080233	0.00081831958	
Bh.ext_carpi_ulna_r.DT0    	0.62743271	0.62682148	0.0008182452	
Bh.ext_carpi_ulna_r.Y1     	0.045782129	0.045843508	0.00081937825	
Bh.flex_carpi_rad_r.Y0     	0.1684501	0.16731301	0.00081812061	
Bh.flex_carpi_rad_r.DT0    	0.56502047	0.56479689	0.00081806798	
Bh.flex_carpi_rad_r.Y1     	0.31345877	0.31263801	0.00081818914	
Bh.flex_carpi_ulna_r.Y0    	0.12580544	0.1265511	0.00081797145	
Bh.flex_carpi_ulna_r.DT0   	0.16037057	0.16070611	0.00081868263	
Bh.flex_carpi_ulna_r.Y1    	0.14409576	0.14475318	0.00081896951	
Bh.trap_scap_m_l.Y0        	0.10463755	0.10538504	0.00081917052	
Bh.trap_scap_m_l.DT0       	0.26736185	0.26787165	0.00081864276	
Bh.trap_scap_m_l.Y1        	0.016182292	0.015885658	0.00081819936	
Bh.trap_scap_s_l.Y0        	0.0070251662	0.0083748837	0.00081898617	
Bh.trap_scap_s_l.DT0       	0.4223223	0.4206094	0.00081812712	
Bh.trap_scap_s_l.Y1        	0.014097552	0.014662328	0.00081810881	
Bh.trap_scap_i_l.Y0        	0.06315478	0.062638335	0.00081817582	
Bh.trap_scap_i_l.DT0       	0.43568751	0.43493902	0.0008180531	
Bh.trap_scap_i_l.Y1        	0.014964117	0.014527114	0.00081840445	
Bh.ser_ant_i_l.Y0          	0.0060640196	0.0063948158	0.00081802817	
Bh.ser_ant_i_l.DT0         	0.34056456	0.34022077	0.00081806736	
Bh.ser_ant_i_l.Y1          	0.02611211	0.026777123	0.00081824473	
Bh.ser_ant_m_l.Y0          	0.08069878	0.080144085	0.00081807229	
Bh.ser_ant_m_l.DT0         	0.12683852	0.12740115	0.00081837128	
Bh.ser_ant_m_l.Y1          	0.015617614	0.015634089	0.00081813625	
Bh.ser_ant_s_l.Y0          	0.065023463	0.064726147	0.00081803743	
Bh.ser_ant_s_l.DT0         	0.37156142	0.37092983	0.00081836723	
Bh.ser_ant_s_l.Y1          	0.0080422346	0.0063939268	0.0008183626	
Bh.rhom_s_l.Y0             	0.019196461	0.019242548	0.00081813675	
Bh.rhom_s_l.DT0            	0.26259666	0.26287033	0.00081864162	
Bh.rhom_s_l.Y1             	0.022733608	0.023041675	0.0008181014	
Bh.rhom_i_l.Y0             	0.071476023	0.07236607	0.00081809166	
Bh.rhom_i_l.DT0            	0.48917992	0.48855784	0.00081804582	
Bh.rhom_i_l.Y1             	0.0020740121	0.0012340516	0.00081827164	
Bh.pect_min_l.Y0           	0.12033881	0.1194202	0.00081825386	
Bh.pect_min_l.DT0          	0.3134695	0.31226671	0.0008181575	
Bh.pect_min_l.Y1           	0.019021712	0.017872552	0.00081814501	
Bh.trap_clav_s_l.Y0        	0.021694268	0.020882703	0.00081794733	
Bh.trap_clav_s_l.DT0       	0.49831497	0.49807952	0.00081795442	
Bh.trap_clav_s_l.Y1        	0.086123723	0.086839447	0.00081806932	
Bh.lev_scap_l.Y0           	0.18192732	0.18215714	0.00081832038	
Bh.lev_scap_l.DT0          	0.36814056	0.36884559	0.00081828936	
Bh.lev_scap_l.Y1           	0.031808505	0.031242685	0.00081797796	
Bh.delt_clav_a_l.Y0        	0.056406837	0.056894864	0.00081831141	
Bh.delt_clav_a_l.DT0       	0.24470124	0.24435043	0.00081814699	
Bh.delt_clav_a_l.Y1        	0.028357215	0.028224652	0.00081797433	
Bh.delt_scap_p_l.Y0        	0.018506179	0.018834479	0.00081802689	
Bh.delt_scap_p_l.DT0       	0.32029324	0.32000874	0.00081803253	
Bh.delt_scap_p_l.Y1        	0.00079887147	0.0004232663	0.0008179702	
Bh.delt_scap_m_l.Y0        	0.051380369	0.050741839	0.00081851377	
Bh.delt_scap_m_l.DT0       	0.38240793	0.38311271	0.00081818651	
Bh.delt_scap_m_l.Y1        	0.0023035004	0.0020057322	0.00081808874	
Bh.lat_dors_m_l.Y0         	0.15069907	0.15013678	0.00081823469	
Bh.lat_dors_m_l.DT0        	0.43621738	0.43616069	0.00081827694	
Bh.lat_dors_m_l.Y1         	0.007348944	0.0068972335	0.00081809695	
Bh.lat_dors_i_l.Y0         	0.085674127	0.086515231	0.0008181763	
Bh.lat_dors_i_l.DT0        	0.48291312	0.48410704	0.0008188398	
Bh.lat_dors_i_l.Y1         	0.00040973606	4.1912802e-05	0.00081812729	
Bh.pect_maj_clav_s_l.Y0    	0.11971065	0.11799052	0.00081889009	
Bh.pect_maj_clav_s_l.DT0   	0.26108403	0.26215619	0.00081874	
Bh.pect_maj_clav_s_l.Y1    	0.0034424723	0.0043903803	0.00081993165	
Bh.pect_maj_thorax_i_l.Y0  	0.22332295	0.22389074	0.00081798099	
Bh.pect_maj_thorax_i_l.DT0 	0.144748	0.14521517	0.00081857705	
Bh.pect_maj_thorax_i_l.Y1  	0.035573651	0.034815869	0.00081807949	
Bh.pect_maj_thorax_m_l.Y0  	0.059203205	0.05836208	0.00081823425	
Bh.pect_maj_thorax_m_l.DT0 	0.32020962	0.31868836	0.00081834133	
Bh.pect_maj_thorax_m_l.Y1  	0.011304186	0.010460658	0.00081811804	
Bh.teres_maj_l.Y0          	0.055492102	0.054935989	0.00081814012	
Bh.teres_maj_l.DT0         	0.40531926	0.40457122	0.00081848556	
Bh.teres_maj_l.Y1          	0.0087944155	0.0094351058	0.00081820398	
Bh.infraspi_i_l.Y0         	0.07936679	0.080999295	0.00081834466	
Bh.infraspi_i_l.DT0        	0.34298557	0.34266354	0.00081888137	
Bh.infraspi_i_l.Y1         	0.042210551	0.041319948	0.00081829791	
Bh.infraspi_s_l.Y0         	0.016251678	0.017080704	0.00081816414	
Bh.infraspi_s_l.DT0        	0.46027226	0.46044077	0.00081805689	
Bh.infraspi_s_l.Y1         	0.019715079	0.019000937	0.00081803424	
Bh.teres_min_l.Y0          	0.11581921	0.11511637	0.00081817741	
Bh.teres_min_l.DT0         	0.5499771	0.5503043	0.0008179634	
Bh.teres_min_l.Y1          	0.010534537	0.0094175999	0.00081840642	
Bh.subscap_s_l.Y0          	0.017243086	0.01750976	0.00081901376	
Bh.subscap_s_l.DT0         	0.47717231	0.47758163	0.00081805356	
Bh.subscap_s_l.Y1          	0.011861045	0.011312133	0.00081818373	
Bh.subscap_i_l.Y0          	0.041846576	0.042179179	0.0008182404	
Bh.subscap_i_l.DT0         	0.48948205	0.48862831	0.00081817618	
Bh.subscap_i_l.Y1          	0.018736833	0.017766647	0.00081842717	
Bh.supraspi_l.Y0           	0.048525442	0.048668861	0.00081840956	
Bh.supraspi_l.DT0          	0.42778584	0.42836297	0.00081827192	
Bh.supraspi_l.Y1           	0.030231039	0.029643323	0.00081877936	
Bh.tri_long_l.Y0           	0.075650138	0.077277888	0.00081838538	
Bh.tri_long_l.DT0          	0.55586142	0.55579197	0.00081821483	
Bh.tri_long_l.Y1           	0.00057881771	0.00049053193	0.00081808023	
Bh.tri_lat_l.Y0            	0.055048136	0.054262291	0.00081798	
Bh.tri_lat_l.DT0           	0.34974676	0.34941248	0.00081848851	
Bh.tri_lat_l.Y1            	0.0102632	0.0083862129	0.00081810143	
Bh.coracobrach_l.Y0        	0.16564392	0.16592522	0.00081822792	
Bh.coracobrach_l.DT0       	0.4310034	0.43114657	0.00081814082	
Bh.coracobrach_l.Y1        	0.016210665	0.014455645	0.00081811575	
Bh.bic_long_l.Y0           	0.047109692	0.046544724	0.00081882519	
Bh.bic_long_l.DT0          	0.26766024	0.26821504	0.0008185542	
Bh.bic_long_l.Y1           	0.011955036	0.0120216	0.00081817667	
Bh.bic_brev_l.Y0           	0.041942056	0.041059809	0.0008180219	
Bh.bic_brev_l.DT0          	0.52583485	0.52591943	0.00081843743	
Bh.bic_brev_l.Y1           	0.010975266	0.011075359	0.00081796732	
Bh.brach_l.Y0              	0.14107206	0.14103719	0.00081816686	
Bh.brach_l.DT0             	0.43955648	0.43969471	0.00081812837	
Bh.brach_l.Y1              	0.0086714928	0.0089609859	0.00081806726	
Bh.brachiorad_l.Y0         	0.004587743	0.0055852134	0.00081850493	
Bh.brachiorad_l.DT0        	0.35832544	0.35881011	0.0008180979	
Bh.brachiorad_l.Y1         	0.018633805	0.019077714	0.00081860112	
Bh.supinator_l.Y0          	0.060492893	0.061153751	0.00081841842	
Bh.supinator_l.DT0         	0.36274026	0.36478295	0.00081977515	
Bh.supinator_l.Y1          	0.0050776728	0.0054344939	0.00081801633	
Bh.pronator_teres_l.Y0     	0.079571016	0.079103347	0.00081816323	
Bh.pronator_teres_l.DT0    	0.48229754	0.48272206	0.00081829751	
Bh.pronator_teres_l.Y1     	0.014110603	0.015591251	0.00081801076	
Bh.ext_carpi_rad_long_l.Y0 	0.061236352	0.06113863	0.00081830008	
Bh.ext_carpi_rad_long_l.DT0	0.61298894	0.61259537	0.00081806943	
Bh.ext_carpi_rad_long_l.Y1 	0.01953965	0.019308572	0.00081807123	
Bh.ext_carpi_rad_brev_l.Y0 	0.0044757731	0.0048718215	0.00081821733	
Bh.ext_carpi_rad_brev_l.DT0	0.53914182	0.53842587	0.00081819728	
Bh.ext_carpi_rad_brev_l.Y1 	0.0031008346	0.0033143477	0.00081811774	
Bh.ext_carpi_ulna_l.Y0     	0.069193328	0.069223831	0.00081812621	
Bh.ext_carpi_ulna_l.DT0    	0.53628521	0.53593316	0.00081820252	
Bh.ext_carpi_ulna_l.Y1     	0.0011143969	0.0017717914	0.00081789739	
Bh.flex_carpi_rad_l.Y0     	0.093328344	0.093151273	0.00081800918	
Bh.flex_carpi_rad_l.DT0    	0.29069597	0.29003582	0.00081808803	
Bh.flex_carpi_rad_l.Y1     	0.05072189	0.052820471	0.00081850768	
Bh.flex_carpi_ulna_l.Y0    	0.017506566	0.017148609	0.0008181464	
Bh.flex_carpi_ulna_l.DT0   	0.51422465	0.51362385	0.00081812292	
Bh.flex_carpi_ulna_l.Y1    	0.01997456	0.019791143	0.00081807112	
Bh.long_col_c1thx_r.Y0     	0.096576638	0.095818296	0.00081813663	
Bh.long_col_c1thx_r.DT0    	0.29674061	0.29668392	0.00081819402	
Bh.long_col_c1thx_r.Y1     	0.01481271	0.014502016	0.00081829719	
Bh.long_col_c1thx_l.Y0     	0.081615864	0.081963779	0.00081849607	
Bh.long_col_c1thx_l.DT0    	0.37319462	0.3729789	0.00081859159	
Bh.long_col_c1thx_l.Y1     	0.036886361	0.037585361	0.00081836289	
Sd.ext_obl1_l.Y0           	0.22821692	0.22744889	0.00081817548	
Sd.ext_obl1_l.DT0          	0.47513785	0.47643551	0.00081851567	
Sd.ext_obl1_l.Y1           	0.089796631	0.090020981	0.00081818236	
Sd.ext_obl2_l.Y0           	0.15609516	0.15684078	0.00081859772	
Sd.ext_obl2_l.DT0          	0.43812977	0.43680662	0.00081807543	
Sd.ext_obl2_l.Y1           	0.15431611	0.15524168	0.00081808495	
Sd.ext_obl3_l.Y0           	0.35474264	0.35361298	0.00081801188	
Sd.ext_obl3_l.DT0          	0.18518087	0.18556817	0.00081809579	
Sd.ext_obl3_l.Y1           	0.030225059	0.029386917	0.00081802599	
Sd.ext_obl4_l.Y0           	0.26754617	0.26868747	0.00081854568	
Sd.ext_obl4_l.DT0          	0.26587566	0.26582371	0.00081842239	
Sd.ext_obl4_l.Y1           	0.064385412	0.063849458	0.00081810203	
Sd.int_obl1_r.Y0           	0.17644304	0.17672683	0.00081838796	
Sd.int_obl1_r.DT0          	0.33361375	0.33420685	0.00081877571	
Sd.int_obl1_r.Y1           	0.056584084	0.056177313	0.00081797269	
Sd.int_obl2_r.Y0           	0.045331681	0.045431673	0.00081829856	
Sd.int_obl2_r.DT0          	0.4534773	0.4533345	0.00081801771	
Sd.int_obl2_r.Y1           	0.11583364	0.11613331	0.00081820383	
Sd.int_obl3_r.Y0           	0.20554607	0.20636808	0.00081833487	
Sd.int_obl3_r.DT0          	0.34703486	0.34772354	0.00081855811	
Sd.int_obl3_r.Y1           	0.038526941	0.038897035	0.00081820231	
Sd.int_obl4_r.Y0           	0.089805576	0.090723758	0.00081830782	
Sd.int_obl4_r.DT0          	0.41826374	0.41857606	0.00081832926	
Sd.int_obl4_r.Y1           	0.0029747004	0.0023794072	0.0008180312	
Sd.rect_abd_r.Y0           	0.15359234	0.15304485	0.00081889914	
Sd.rect_abd_r.DT0          	0.14721322	0.14584672	0.00081817614	
Sd.rect_abd_r.Y1           	0.010145801	0.0095047277	0.0008181669	
Sd.quad_lumb_r.Y0          	0.10474366	0.10487263	0.00081838645	
Sd.quad_lumb_r.DT0         	0.3782729	0.37871948	0.00082004796	
Sd.quad_lumb_r.Y1          	0.1495565	0.14921004	0.0008182871	
Sd.iliocostalis_il_r.Y0    	0.2272662	0.22638141	0.00081803431	
Sd.iliocostalis_il_r.DT0   	0.29489597	0.29539026	0.0008181242	
Sd.iliocostalis_il_r.Y1    	0.12761581	0.12804036	0.00081792227	
Sd.iliocostalis_ic_r.Y0    	0.45806308	0.45786315	0.00081822048	
Sd.iliocostalis_ic_r.DT0   	0.32460048	0.32431158	0.00081831165	
Sd.iliocostalis_ic_r.Y1    	0.21057295	0.21080216	0.00081835471	
Sd.longissimus_slt_r.Y0    	0.054265537	0.053993768	0.00081808901	
Sd.longissimus_slt_r.DT0   	0.18114847	0.18169747	0.00081834655	
Sd.longissimus_slt_r.Y1    	0.1322842	0.1315125	0.00081890908	
Sd.spinalis_t_r.Y0         	0.14558363	0.14651793	0.00081826725	
Sd.spinalis_t_r.DT0        	0.48143165	0.48095041	0.00081813774	
Sd.spinalis_t_r.Y1         	0.10858756	0.10875806	0.0008183977	
Sd.ext_obl1_r.Y0           	0.23839962	0.23884739	0.00081861309	
Sd.ext_obl1_r.DT0          	0.38001994	0.37926125	0.00081815377	
Sd.ext_obl1_r.Y1           	0.00045143632	0.00078534774	0.00081833252	
Sd.ext_obl2_r.Y0           	0.50760196	0.50830583	0.00081844165	
Sd.ext_obl2_r.DT0          	0.64757095	0.64803412	0.00081944873	
Sd.ext_obl2_r.Y1           	0.037163706	0.037056462	0.00081832532	
Sd.ext_obl3_r.Y0           	0.0046571846	0.0038884983	0.00081819341	
Sd.ext_obl3_r.DT0          	0.32649823	0.32666504	0.0008181555	
Sd.ext_obl3_r.Y1           	0.20706111	0.20633975	0.0008185906	
Sd.ext_obl4_r.Y0           	0.048425223	0.047047541	0.00081817238	
Sd.ext_obl4_r.DT0          	0.3479798	0.34745061	0.0008183617	
Sd.ext_obl4_r.Y1           	0.08431364	0.08438519	0.0008183181	
Sd.int_obl1_l.Y0           	0.092737383	0.093761456	0.00081810781	
Sd.int_obl1_l.DT0          	0.12678373	0.12561362	0.00081833324	
Sd.int_obl1_l.Y1           	0.045149946	0.046494194	0.00081828692	
Sd.int_obl2_l.Y0           	0.011892367	0.012920715	0.00081858203	
Sd.int_obl2_l.DT0          	0.45720394	0.45883937	0.0008182186	
Sd.int_obl2_l.Y1           	0.051108936	0.05194922	0.0008179959	
Sd.int_obl3_l.Y0           	0.22373743	0.22283955	0.00081864931	
Sd.int_obl3_l.DT0          	0.42827355	0.42902144	0.00081911567	
Sd.int_obl3_l.Y1           	0.074641	0.074559851	0.00081863485	
Sd.int_obl4_l.Y0           	0.054239361	0.053441405	0.0008194219	
Sd.int_obl4_l.DT0          	0.52390677	0.52425352	0.00081900881	
Sd.int_obl4_l.Y1           	0.026119222	0.026075094	0.00081817519	
Sd.rect_abd_l.Y0           	0.33519351	0.33479527	0.00081831056	
Sd.rect_abd_l.DT0          	0.44121843	0.44183807	0.0008185829	
Sd.rect_abd_l.Y1           	0.031583127	0.031968675	0.00081880087	
Sd.quad_lumb_l.Y0          	0.29236736	0.29132579	0.00081888023	
Sd.quad_lumb_l.DT0         	0.25770285	0.25960093	0.00081797467	
Sd.quad_lumb_l.Y1          	0.047782817	0.04821625	0.0008183048	
Sd.iliocostalis_il_l.Y0    	0.36896739	0.3691391	0.00081806039	
Sd.iliocostalis_il_l.DT0   	0.48708091	0.4869593	0.00081812283	
Sd.iliocostalis_il_l.Y1    	0.0092208818	0.010901448	0.0008184281	
Sd.iliocostalis_ic_l.Y0    	0.37331726	0.37271965	0.00081848166	
Sd.iliocostalis_ic_l.DT0   	0.10389721	0.10428012	0.00081832668	
Sd.iliocostalis_ic_l.Y1    	0.060828613	0.059057387	0.00081828587	
Sd.longissimus_slt_l.Y0    	0.14427655	0.14402985	0.00081799308	
Sd.longissimus_slt_l.DT0   	0.42184622	0.42271281	0.00081799847	
Sd.longissimus_slt_l.Y1    	0.13445097	0.13385918	0.0008181513	
Sd.spinalis_t_l.Y0         	0.13306865	0.13307488	0.00081815246	
Sd.spinalis_t_l.DT0        	0.55416746	0.55368538	0.00081838388	
Sd.spinalis_t_l.Y1         	0.11602964	0.1167315	0.00081843108	
Sd.trap_scap_m_r.Y0        	0.086022139	0.085850615	0.00081828277	
Sd.trap_scap_m_r.DT0       	0.52771267	0.52675109	0.00081804161	
Sd.trap_scap_m_r.Y1        	0.14972857	0.14850139	0.00081806841	
Sd.trap_scap_s_r.Y0        	0.24317643	0.24240579	0.00081821283	
Sd.trap_scap_s_r.DT0       	0.81274	0.81286535	0.00081826512	
Sd.trap_scap_s_r.Y1        	0.19427563	0.19370807	0.0008181133	
Sd.trap_scap_i_r.Y0        	0.12598205	0.12711	0.00081813262	
Sd.trap_scap_i_r.DT0       	0.78101322	0.78173156	0.00081819545	
Sd.trap_scap_i_r.Y1        	0.013753555	0.014606909	0.00081839737	
Sd.ser_ant_i_r.Y0          	0.20094285	0.19998925	0.00081821117	
Sd.ser_ant_i_r.DT0         	0.34768513	0.34921528	0.00081829318	
Sd.ser_ant_i_r.Y1          	0.21616645	0.21592395	0.00081882418	
Sd.ser_ant_m_r.Y0          	0.17415232	0.17488593	0.00081822202	
Sd.ser_ant_m_r.DT0         	0.34670273	0.34777101	0.0008189218	
Sd.ser_ant_m_r.Y1          	0.30812002	0.30829585	0.00081944864	
Sd.ser_ant_s_r.Y0          	0.18049113	0.18047387	0.00081837259	
Sd.ser_ant_s_r.DT0         	0.5631554	0.5627751	0.00081825936	
Sd.ser_ant_s_r.Y1          	0.027099186	0.026953034	0.00081801844	
Sd.rhom_s_r.Y0             	0.42885154	0.4302671	0.00081806841	
Sd.rhom_s_r.DT0            	0.67990146	0.67981498	0.00081797234	
Sd.rhom_s_r.Y1             	0.023460885	0.024186845	0.00081823894	
Sd.rhom_i_r.Y0             	0.16565326	0.16722443	0.00081799975	
Sd.rhom_i_r.DT0            	0.28991743	0.28916722	0.00081845602	
Sd.rhom_i_r.Y1             	0.015155616	0.015258277	0.00081834819	
Sd.pect_min_r.Y0           	0.24778419	0.24617898	0.00081862454	
Sd.pect_min_r.DT0          	0.57956524	0.57922195	0.00081794674	
Sd.pect_min_r.Y1           	0.032001761	0.03264628	0.00081804424	
Sd.trap_clav_s_r.Y0        	0.29180214	0.29176679	0.00081836126	
Sd.trap_clav_s_r.DT0       	0.34515263	0.34600063	0.00081812132	
Sd.trap_clav_s_r.Y1        	0.017281911	0.01667772	0.00081842505	
Sd.lev_scap_r.Y0           	0.059245362	0.05877729	0.00081804845	
Sd.lev_scap_r.DT0          	0.51533807	0.5159374	0.00081837095	
Sd.lev_scap_r.Y1           	0.083266512	0.082883101	0.00081921289	
Sd.delt_clav_a_r.Y0        	0.029893127	0.029981325	0.00081803303	
Sd.delt_clav_a_r.DT0       	0.45522718	0.45539146	0.00081804967	
Sd.delt_clav_a_r.Y1        	0.25105983	0.25074669	0.00081814653	
Sd.delt_scap_p_r.Y0        	0.23514036	0.23528106	0.00081818324	
Sd.delt_scap_p_r.DT0       	0.24498051	0.2439567	0.0008197038	
Sd.delt_scap_p_r.Y1        	0.24049132	0.24093095	0.00081826992	
Sd.delt_scap_m_r.Y0        	0.50300119	0.50303345	0.00081835142	
Sd.delt_scap_m_r.DT0       	0.27935446	0.27951703	0.00081815514	
Sd.delt_scap_m_r.Y1        	0.53277406	0.53305092	0.0008215175	
Sd.lat_dors_m_r.Y0         	0.058817995	0.058778744	0.00081816257	
Sd.lat_dors_m_r.DT0        	0.62622383	0.62501527	0.0008181958	
Sd.lat_dors_m_r.Y1         	0.010062063	0.0098798266	0.00081812241	
Sd.lat_dors_i_r.Y0         	0.10364067	0.10361614	0.00081809943	
Sd.lat_dors_i_r.DT0        	0.50654397	0.50624964	0.00081818008	
Sd.lat_dors_i_r.Y1         	0.0036422553	0.0022170118	0.00081803492	
Sd.pect_maj_clav_s_r.Y0    	0.023266783	0.022917733	0.00081822436	
Sd.pect_maj_clav_s_r.DT0   	0.42356218	0.42300853	0.00081847634	
Sd.pect_maj_clav_s_r.Y1    	0.0052848398	0.0063383817	0.00081813088	
Sd.pect_maj_thorax_i_r.Y0  	0.0073218204	0.0069300077	0.00081843734	
Sd.pect_maj_thorax_i_r.DT0 	0.58154057	0.58159132	0.00081839727	
Sd.pect_maj_thorax_i_r.Y1  	0.047078322	0.046983127	0.00081806183	
Sd.pect_maj_thorax_m_r.Y0  	0.10926806	0.11044448	0.00081791915	
Sd.pect_maj_thorax_m_r.DT0 	0.35842864	0.35834055	0.00081834862	
Sd.pect_maj_thorax_m_r.Y1  	0.0029533621	0.003103575	0.00081819562	
Sd.teres_maj_r.Y0          	0.051454745	0.051844378	0.00081793898	
Sd.teres_maj_r.DT0         	0.46922939	0.46940261	0.00081850323	
Sd.teres_maj_r.Y1          	0.0047690905	0.0047987946	0.00081830414	
Sd.infraspi_i_r.Y0         	0.092154593	0.09231892	0.00081814523	
Sd.infraspi_i_r.DT0        	0.10186244	0.10198365	0.00081818941	
Sd.infraspi_i_r.Y1         	0.027717201	0.026926712	0.00081861446	
Sd.infraspi_s_r.Y0         	0.186556	0.18524119	0.00081804042	
Sd.infraspi_s_r.DT0        	0.50040369	0.50013207	0.00081804371	
Sd.infraspi_s_r.Y1         	0.063353908	0.061822308	0.00081862933	
Sd.teres_min_r.Y0          	0.14108232	0.14064693	0.00081909588	
Sd.teres_min_r.DT0         	0.36814275	0.36688138	0.00081808279	
Sd.teres_min_r.Y1          	0.014253898	0.013932045	0.0008181522	
Sd.subscap_s_r.Y0          	0.037892199	0.038408964	0.00081807579	
Sd.subscap_s_r.DT0         	0.24096981	0.23987572	0.00081837095	
Sd.subscap_s_r.Y1          	0.023909245	0.022982989	0.00081922325	
Sd.subscap_i_r.Y0          	0.24231615	0.24221717	0.00081799846	
Sd.subscap_i_r.DT0         	0.78175564	0.78056237	0.00081811585	
Sd.subscap_i_r.Y1          	0.20512887	0.20413123	0.00081833252	
Sd.supraspi_r.Y0           	0.07947122	0.078601419	0.00081831424	
Sd.supraspi_r.DT0          	0.42391873	0.42448443	0.00081849599	
Sd.supraspi_r.Y1           	0.26770438	0.26780616	0.00081808421	
Sd.tri_long_r.Y0           	0.16585138	0.16675784	0.00081802847	
Sd.tri_long_r.DT0          	0.22937715	0.22931516	0.00081799205	
Sd.tri_long_r.Y1           	0.12559029	0.12539271	0.00081823053	
Sd.tri_lat_r.Y0            	0.052563033	0.053466352	0.00081803753	
Sd.tri_lat_r.DT0           	0.48560345	0.4862746	0.00081878077	
Sd.tri_lat_r.Y1            	0.17906421	0.1784972	0.00081839019	
Sd.coracobrach_r.Y0        	0.028710825	0.02883404	0.00081826948	
Sd.coracobrach_r.DT0       	0.62758872	0.62790923	0.00081849712	
Sd.coracobrach_r.Y1        	0.0027554688	0.0033996858	0.00081799485	
Sd.bic_long_r.Y0           	0.013900689	0.012734354	0.00081920226	
Sd.bic_long_r.DT0          	0.44295284	0.44149227	0.00081801831	
Sd.bic_long_r.Y1           	0.1202702	0.11977419	0.00081865271	
Sd.bic_brev_r.Y0           	0.016535143	0.0160488	0.00081841766	
Sd.bic_brev_r.DT0          	0.64401089	0.64275329	0.00081850481	
Sd.bic_brev_r.Y1           	0.016047747	0.015636989	0.00081815786	
Sd.brach_r.Y0              	0.11016112	0.10955853	0.00081834148	
Sd.brach_r.DT0             	0.17980714	0.17869172	0.00081817864	
Sd.brach_r.Y1              	0.0014640442	0.0020063458	0.00081806029	
Sd.brachiorad_r.Y0         	0.27973285	0.2778783	0.00081829109	
Sd.brachiorad_r.DT0        	0.2671739	0.26812319	0.0008188442	
Sd.brachiorad_r.Y1         	0.062057172	0.062458084	0.00081813905	
Sd.supinator_r.Y0          	0.32058287	0.31907772	0.00081816756	
Sd.supinator_r.DT0         	0.49603187	0.49623119	0.00081856612	
Sd.supinator_r.Y1          	0.081759197	0.082796218	0.00081843537	
Sd.pronator_teres_r.Y0     	0.014121979	0.015016225	0.0008180267	
Sd.pronator_teres_r.DT0    	0.92223401	0.92265534	0.00081795823	
Sd.pronator_teres_r.Y1     	0.072128813	0.071952734	0.00081830749	
Sd.ext_carpi_rad_long_r.Y0 	0.32186272	0.32090818	0.00081806407	
Sd.ext_carpi_rad_long_r.DT0	0.19164123	0.19100957	0.00081819726	
Sd.ext_carpi_rad_long_r.Y1 	0.089611412	0.088222529	0.00081796419	
Sd.ext_carpi_rad_brev_r.Y0 	0.052883139	0.053137605	0.00081808749	
Sd.ext_carpi_rad_brev_r.DT0	0.27544512	0.2760244	0.0008179586	
Sd.ext_carpi_rad_brev_r.Y1 	0.060684076	0.060247635	0.00081808987	
Sd.ext_carpi_ulna_r.Y0     	0.45080244	0.45076191	0.00081851956	
Sd.ext_carpi_ulna_r.DT0    	0.1604552	0.16039306	0.00081844583	
Sd.ext_carpi_ulna_r.Y1     	0.20671028	0.2059552	0.00081866876	
Sd.flex_carpi_rad_r.Y0     	0.097970986	0.09791728	0.00081799462	
Sd.flex_carpi_rad_r.DT0    	0.53208985	0.53172854	0.00081810392	
Sd.flex_carpi_rad_r.Y1     	0.006544201	0.0067446067	0.00081790646	
Sd.flex_carpi_ulna_r.Y0    	0.1682252	0.16963792	0.00081799108	
Sd.flex_carpi_ulna_r.DT0   	0.54407716	0.54336889	0.00081829464	
Sd.flex_carpi_ulna_r.Y1    	0.046795454	0.046232285	0.00081768777	
Sd.trap_scap_m_l.Y0        	0.085523812	0.084678031	0.00081880863	
Sd.trap_scap_m_l.DT0       	0.31235427	0.313189	0.00081855969	
Sd.trap_scap_m_l.Y1        	0.0026551319	0.0020037581	0.00081810277	
Sd.trap_scap_s_l.Y0        	0.0086196628	0.0093955619	0.00081816955	
Sd.trap_scap_s_l.DT0       	0.41346067	0.41437888	0.00081796766	
Sd.trap_scap_s_l.Y1        	0.0066117835	0.0071128214	0.00081824664	
Sd.trap_scap_i_l.Y0        	0.069179991	0.067808904	0.00081798928	
Sd.trap_scap_i_l.DT0       	0.39774516	0.39548133	0.00081812118	
Sd.trap_scap_i_l.Y1        	0.03979848	0.040179715	0.00081805023	
Sd.ser_ant_i_l.Y0          	0.10207664	0.10227421	0.00081828881	
Sd.ser_ant_i_l.DT0         	0.39333486	0.39241961	0.00081845989	
Sd.ser_ant_i_l.Y1          	0.050636209	0.050784275	0.00081805562	
Sd.ser_ant_m_l.Y0          	0.04763716	0.046349729	0.00081791316	
Sd.ser_ant_m_l.DT0         	0.36264321	0.36348675	0.00081799874	
Sd.ser_ant_m_l.Y1          	0.027739059	0.026902465	0.00081877841	
Sd.ser_ant_s_l.Y0          	0.026750679	0.026711489	0.00081811104	
Sd.ser_ant_s_l.DT0         	0.37690499	0.37586172	0.0008181452	
Sd.ser_ant_s_l.Y1          	0.0020374296	0.0019891556	0.00081841359	
Sd.rhom_s_l.Y0             	0.018569467	0.018780845	0.00081813357	
Sd.rhom_s_l.DT0            	0.31961459	0.32015629	0.00081863114	
Sd.rhom_s_l.Y1             	0.029581888	0.02874847	0.00081916068	
Sd.rhom_i_l.Y0             	0.0071383176	0.0049839135	0.00081850246	
Sd.rhom_i_l.DT0            	0.18360715	0.18422774	0.00081797813	
Sd.rhom_i_l.Y1             	0.0056016257	0.0036065806	0.00081825405	
Sd.pect_min_l.Y0           	0.042496846	0.042118286	0.00081830203	
Sd.pect_min_l.DT0          	0.51258215	0.51305788	0.00081893149	
Sd.pect_min_l.Y1           	0.043351547	0.043202981	0.00081838095	
Sd.trap_clav_s_l.Y0        	0.06608974	0.065876021	0.00081826846	
Sd.trap_clav_s_l.DT0       	0.40532394	0.4050606	0.00081830212	
Sd.trap_clav_s_l.Y1        	0.05003766	0.049502523	0.00081806435	
Sd.lev_scap_l.Y0           	0.033549697	0.033248679	0.00081833978	
Sd.lev_scap_l.DT0          	0.43238418	0.43244612	0.00081829336	
Sd.lev_scap_l.Y1           	0.11790547	0.11672494	0.00081798441	
Sd.delt_clav_a_l.Y0        	0.09300108	0.092795534	0.00081862728	
Sd.delt_clav_a_l.DT0       	0.34292347	0.34181215	0.0008180772	
Sd.delt_clav_a_l.Y1        	0.0017189301	0.00079718804	0.00081805928	
Sd.delt_scap_p_l.Y0        	0.011297991	0.0096927744	0.00081802256	
Sd.delt_scap_p_l.DT0       	0.60705938	0.6079119	0.00081809976	
Sd.delt_scap_p_l.Y1        	0.015845425	0.015716991	0.0008180961	
Sd.delt_scap_m_l.Y0        	0.056521114	0.056938132	0.00081798798	
Sd.delt_scap_m_l.DT0       	0.29775898	0.29764501	0.00081807452	
Sd.delt_scap_m_l.Y1        	0.0055719684	0.0055054026	0.0008180272	
Sd.lat_dors_m_l.Y0         	0.044569509	0.043534149	0.00081819166	
Sd.lat_dors_m_l.DT0        	0.38246563	0.38251751	0.00081838931	
Sd.lat_dors_m_l.Y1         	0.0080896191	0.008964975	0.00081811763	
Sd.lat_dors_i_l.Y0         	0.11550564	0.11595562	0.00081843419	
Sd.lat_dors_i_l.DT0        	0.48137742	0.4812252	0.0008187591	
Sd.lat_dors_i_l.Y1         	0.00061722413	0.0013778544	0.00081812885	
Sd.pect_maj_clav_s_l.Y0    	0.040352857	0.039652923	0.00081809576	
Sd.pect_maj_clav_s_l.DT0   	0.32711865	0.32787165	0.00081835054	
Sd.pect_maj_clav_s_l.Y1    	0.032328614	0.03328483	0.00081840275	
Sd.pect_maj_thorax_i_l.Y0  	0.058770086	0.058289852	0.00081849698	
Sd.pect_maj_thorax_i_l.DT0 	0.31516168	0.31591192	0.000818302	
Sd.pect_maj_thorax_i_l.Y1  	0.012620767	0.011314596	0.00081830927	
Sd.pect_maj_thorax_m_l.Y0  	0.11270145	0.11205196	0.00081896568	
Sd.pect_maj_thorax_m_l.DT0 	0.19454743	0.19584743	0.00081817644	
Sd.pect_maj_thorax_m_l.Y1  	0.025766611	0.026361226	0.00081820391	
Sd.teres_maj_l.Y0          	0.11073435	0.11091586	0.00081811302	
Sd.teres_maj_l.DT0         	0.30174548	0.30159643	0.00081806296	
Sd.teres_maj_l.Y1          	0.013006155	0.012722132	0.00081823047	
Sd.infraspi_i_l.Y0         	0.080561254	0.081752258	0.00081822285	
Sd.infraspi_i_l.DT0        	0.37157926	0.3714037	0.00081853749	
Sd.infraspi_i_l.Y1         	0.016661328	0.015416342	0.00081796418	
Sd.infraspi_s_l.Y0         	0.13259583	0.13195063	0.00081821828	
Sd.infraspi_s_l.DT0        	0.34807709	0.34871991	0.00081836078	
Sd.infraspi_s_l.Y1         	0.015860574	0.015806358	0.00081797056	
Sd.teres_min_l.Y0          	0.049228684	0.047838331	0.00081851897	
Sd.teres_min_l.DT0         	0.31647328	0.31530574	0.0008181384	
Sd.teres_min_l.Y1          	0.017327835	0.017892501	0.000818175	
Sd.subscap_s_l.Y0          	0.068411062	0.069569283	0.00081807395	
Sd.subscap_s_l.DT0         	0.19420788	0.19499864	0.00081840701	
Sd.subscap_s_l.Y1          	0.0028533994	0.0030998592	0.00081795402	
Sd.subscap_i_l.Y0          	0.074941916	0.076024077	0.00081815589	
Sd.subscap_i_l.DT0         	0.4284334	0.42956363	0.00081810326	
Sd.subscap_i_l.Y1          	0.0017555198	0.0015458396	0.00081814541	
Sd.supraspi_l.Y0           	0.090960776	0.090335752	0.00081802929	
Sd.supraspi_l.DT0          	0.15744359	0.1573424	0.00081834191	
Sd.supraspi_l.Y1           	0.0019203281	0.0013548065	0.00081901452	
Sd.tri_long_l.Y0           	0.095050497	0.096178392	0.00081807397	
Sd.tri_long_l.DT0          	0.44044622	0.43972608	0.00081847522	
Sd.tri_long_l.Y1           	0.021007547	0.019843113	0.00081817914	
Sd.tri_lat_l.Y0            	0.0063904217	0.0064226345	0.00081793323	
Sd.tri_lat_l.DT0           	0.3969997	0.39880233	0.00081925775	
Sd.tri_lat_l.Y1            	0.020702033	0.020520991	0.00081795012	
Sd.coracobrach_l.Y0        	0.027092907	0.026179057	0.00081834916	
Sd.coracobrach_l.DT0       	0.48579497	0.48597977	0.00081900866	
Sd.coracobrach_l.Y1        	0.0051342768	0.0051287256	0.0008183561	
Sd.bic_long_l.Y0           	0.028391424	0.028908524	0.00081887036	
Sd.bic_long_l.DT0          	0.21913542	0.21790784	0.00081838987	
Sd.bic_long_l.Y1           	0.036580702	0.036507442	0.00081844556	
Sd.bic_brev_l.Y0           	0.056364643	0.057375665	0.00081853229	
Sd.bic_brev_l.DT0          	0.59358427	0.59296615	0.00081866573	
Sd.bic_brev_l.Y1           	0.028485219	0.030038971	0.00081846514	
Sd.brach_l.Y0              	0.011570548	0.011557405	0.00081824503	
Sd.brach_l.DT0             	0.2861729	0.28601257	0.00081809684	
Sd.brach_l.Y1              	0.022605562	0.023870935	0.00081827992	
Sd.brachiorad_l.Y0         	0.057289029	0.058886146	0.00081849611	
Sd.brachiorad_l.DT0        	0.38657457	0.38743566	0.00081824965	
Sd.brachiorad_l.Y1         	0.0010180205	0.00020830876	0.00081808733	
Sd.supinator_l.Y0          	0.04768782	0.045879877	0.00081808166	
Sd.supinator_l.DT0         	0.29692961	0.29727775	0.00081826766	
Sd.supinator_l.Y1          	0.0052414642	0.00514646	0.00081822667	
Sd.pronator_teres_l.Y0     	0.087713408	0.089166224	0.00081816058	
Sd.pronator_teres_l.DT0    	0.45807703	0.4575314	0.00081856577	
Sd.pronator_teres_l.Y1     	0.028040687	0.026708589	0.00081819953	
Sd.ext_carpi_rad_long_l.Y0 	0.11195649	0.11142652	0.00081796635	
Sd.ext_carpi_rad_long_l.DT0	0.41008284	0.40950582	0.00081801769	
Sd.ext_carpi_rad_long_l.Y1 	0.010579767	0.011813899	0.00081799892	
Sd.ext_carpi_rad_brev_l.Y0 	0.044018159	0.043496273	0.0008181492	
Sd.ext_carpi_rad_brev_l.DT0	0.29540851	0.29712821	0.00081822861	
Sd.ext_carpi_rad_brev_l.Y1 	0.0050398678	0.0028683031	0.00081811213	
Sd.ext_carpi_ulna_l.Y0     	0.12955823	0.12972529	0.00081836987	
Sd.ext_carpi_ulna_l.DT0    	0.42042495	0.42060767	0.00081868481	
Sd.ext_carpi_ulna_l.Y1     	0.01754076	0.017070304	0.00081808391	
Sd.flex_carpi_rad_l.Y0     	0.082503495	0.083257584	0.00081878069	
Sd.flex_carpi_rad_l.DT0    	0.34811927	0.34750959	0.00081808012	
Sd.flex_carpi_rad_l.Y1     	0.012393459	0.011131818	0.00081816785	
Sd.flex_carpi_ulna_l.Y0    	0.082296899	0.082062919	0.00081976886	
Sd.flex_carpi_ulna_l.DT0   	0.20187774	0.19990781	0.00081827274	
Sd.flex_carpi_ulna_l.Y1    	0.039246708	0.037920632	0.00081812869	
Sd.long_col_c1thx_r.Y0     	0.084069079	0.083062084	0.00081806993	
Sd.long_col_c1thx_r.DT0    	0.45296452	0.45396536	0.00081809941	
Sd.long_col_c1thx_r.Y1     	0.0098298488	0.0087869728	0.00081814653	
Sd.long_col_c1thx_l.Y0     	0.19132917	0.19233954	0.00081819124	
Sd.long_col_c1thx_l.DT0    	0.37401793	0.37381799	0.00081812094	
Sd.long_col_c1thx_l.Y1     	0.0035984559	0.0038702221	0.00081816689	
