stern_mast-skull.KP        	2.582592	2.5737345	0.0082407921	
stern_mast-skull.KV        	0.41857755	0.41907876	0.00082154821	
stern_mast-skull.C0        	0.023010743	0.02069576	0.00082068182	
cleid_mast-skull.KP        	2.0494699	2.0550924	0.0082228536	
cleid_mast-skull.KV        	0.31369014	0.31445473	0.0008238318	
cleid_mast-skull.C0        	0.021579454	0.021807075	0.00082052238	
scalenus_med-skull.KP      	3.4958802	3.4959313	0.008234223	
scalenus_med-skull.KV      	0.47712825	0.47786459	0.00082387591	
scalenus_med-skull.C0      	0.036893369	0.037593105	0.0008199195	
long_col_c1thx-skull.KP    	1.6626305	1.6709222	0.0082178206	
long_col_c1thx-skull.KV    	0.14906359	0.14780094	0.00082183423	
long_col_c1thx-skull.C0    	0.0003940553	0.00055786867	0.00081836639	
splen_cap_sklthx-skull.KP  	1.9236064	1.933407	0.0082341615	
splen_cap_sklthx-skull.KV  	0.50385588	0.50342084	0.00082298779	
splen_cap_sklthx-skull.C0  	0.0040069794	0.0044477233	0.00082044348	
semi_cap_sklthx-skull.KP   	2.9498924	2.9538571	0.0082264584	
semi_cap_sklthx-skull.KV   	0.33617118	0.33691844	0.00082290484	
semi_cap_sklthx-skull.C0   	0.0032662498	0.0034564353	0.00081982605	
Up.ext_obl1_l.Y0           	0.11685879	0.11684395	4.8241216e-05	
Up.ext_obl1_l.DT0          	0.57301246	0.57307108	4.8547064e-05	
Up.ext_obl1_l.Y1           	0.14702429	0.14698327	4.8896791e-05	
Up.ext_obl2_l.Y0           	0.28424322	0.28419542	4.8468389e-05	
Up.ext_obl2_l.DT0          	0.14506954	0.14504942	4.8007098e-05	
Up.ext_obl2_l.Y1           	0.34782495	0.34777046	4.8744139e-05	
Up.ext_obl3_l.Y0           	0.083700012	0.08360099	4.8326135e-05	
Up.ext_obl3_l.DT0          	0.15334266	0.15340333	4.8663202e-05	
Up.ext_obl3_l.Y1           	0.091639588	0.091617135	4.80768e-05	
Up.ext_obl4_l.Y0           	0.078114454	0.078133703	0.00027864992	
Up.ext_obl4_l.DT0          	0.54159891	0.5414859	0.00014040719	
Up.ext_obl4_l.Y1           	0.10828005	0.1083194	0.00027747542	
Up.int_obl1_r.Y0           	0.03211675	0.032089963	4.8092053e-05	
Up.int_obl1_r.DT0          	0.58360891	0.58357039	4.826507e-05	
Up.int_obl1_r.Y1           	0.020712031	0.020730861	4.816567e-05	
Up.int_obl2_r.Y0           	0.15901173	0.15906461	4.8489928e-05	
Up.int_obl2_r.DT0          	0.28876651	0.28872707	4.8241972e-05	
Up.int_obl2_r.Y1           	0.086436495	0.086400627	4.8339164e-05	
Up.int_obl3_r.Y0           	0.26781677	0.26785166	4.8403415e-05	
Up.int_obl3_r.DT0          	0.41422793	0.41427915	4.8328746e-05	
Up.int_obl3_r.Y1           	0.27726417	0.27728661	4.8358816e-05	
Up.int_obl4_r.Y0           	0.43815666	0.43771206	0.00028024389	
Up.int_obl4_r.DT0          	0.41297546	0.4129942	0.0001400208	
Up.int_obl4_r.Y1           	0.00080093513	0.00092799028	0.00027614872	
Up.rect_abd_r.Y0           	0.042413864	0.04240818	4.8269004e-05	
Up.rect_abd_r.DT0          	0.15029254	0.15026153	4.809825e-05	
Up.rect_abd_r.Y1           	0.019185024	0.019114322	4.8184741e-05	
Up.quad_lumb_r.Y0          	0.056482243	0.056483908	4.8072976e-05	
Up.quad_lumb_r.DT0         	0.1189739	0.11896218	4.8380965e-05	
Up.quad_lumb_r.Y1          	0.17399533	0.17403154	4.8350376e-05	
Up.iliocostalis_il_r.Y0    	0.64260115	0.64257183	4.8691504e-05	
Up.iliocostalis_il_r.DT0   	0.69799668	0.69805654	4.8402279e-05	
Up.iliocostalis_il_r.Y1    	0.47108958	0.47109164	4.8756703e-05	
Up.iliocostalis_ic_r.Y0    	0.1339706	0.13395682	4.8430882e-05	
Up.iliocostalis_ic_r.DT0   	0.32893701	0.32891416	4.8350165e-05	
Up.iliocostalis_ic_r.Y1    	0.093154416	0.093145843	4.8275287e-05	
Up.longissimus_slt_r.Y0    	0.016930562	0.016990904	4.8433383e-05	
Up.longissimus_slt_r.DT0   	0.38338519	0.38337562	4.8704023e-05	
Up.longissimus_slt_r.Y1    	0.16906467	0.16900024	4.8083358e-05	
Up.spinalis_t_r.Y0         	0.24934074	0.24925641	4.8578267e-05	
Up.spinalis_t_r.DT0        	0.49114372	0.49112516	4.8145239e-05	
Up.spinalis_t_r.Y1         	0.032793645	0.032712388	4.7876645e-05	
Up.ext_obl1_r.Y0           	0.44610623	0.44602988	4.8382978e-05	
Up.ext_obl1_r.DT0          	0.36619624	0.36609609	4.8409442e-05	
Up.ext_obl1_r.Y1           	0.25054143	0.25049466	4.8258923e-05	
Up.ext_obl2_r.Y0           	0.064025865	0.06412025	4.8190506e-05	
Up.ext_obl2_r.DT0          	0.26447325	0.26448289	4.8367176e-05	
Up.ext_obl2_r.Y1           	0.10499004	0.10495827	4.869493e-05	
Up.ext_obl3_r.Y0           	0.0389774	0.038966332	4.8435604e-05	
Up.ext_obl3_r.DT0          	0.64999851	0.64992342	4.8503869e-05	
Up.ext_obl3_r.Y1           	0.11929094	0.11931203	4.8130698e-05	
Up.ext_obl4_r.Y0           	0.20790515	0.20827536	0.00028006009	
Up.ext_obl4_r.DT0          	0.54317516	0.54305656	0.00014051557	
Up.ext_obl4_r.Y1           	0.003284732	0.0038589027	0.00027532995	
Up.int_obl1_l.Y0           	0.2050335	0.20506578	4.8672445e-05	
Up.int_obl1_l.DT0          	0.33430525	0.33426705	4.8616579e-05	
Up.int_obl1_l.Y1           	0.013559721	0.013590484	4.823604e-05	
Up.int_obl2_l.Y0           	0.13626631	0.13621813	4.8484156e-05	
Up.int_obl2_l.DT0          	0.21359896	0.21360893	4.8406278e-05	
Up.int_obl2_l.Y1           	0.11320887	0.11322988	4.8302025e-05	
Up.int_obl3_l.Y0           	0.029495406	0.029539576	4.824747e-05	
Up.int_obl3_l.DT0          	0.50244432	0.50243428	4.827342e-05	
Up.int_obl3_l.Y1           	0.24935047	0.24932999	4.848679e-05	
Up.int_obl4_l.Y0           	0.098666159	0.098428164	0.00027947853	
Up.int_obl4_l.DT0          	0.35486499	0.35464515	0.00013996594	
Up.int_obl4_l.Y1           	0.16368035	0.16372113	0.00028013958	
Up.rect_abd_l.Y0           	0.0806397	0.080659441	4.7841369e-05	
Up.rect_abd_l.DT0          	0.75056292	0.750612	4.8198243e-05	
Up.rect_abd_l.Y1           	0.02665712	0.026626241	4.8207711e-05	
Up.quad_lumb_l.Y0          	0.1765126	0.17648925	4.8471719e-05	
Up.quad_lumb_l.DT0         	0.51760221	0.51758533	4.8338109e-05	
Up.quad_lumb_l.Y1          	0.058087032	0.058097258	4.8300013e-05	
Up.iliocostalis_il_l.Y0    	0.51758859	0.51761303	4.8064619e-05	
Up.iliocostalis_il_l.DT0   	0.27134764	0.2713357	4.8383445e-05	
Up.iliocostalis_il_l.Y1    	0.050606372	0.05061789	4.837876e-05	
Up.iliocostalis_ic_l.Y0    	0.40213492	0.40207878	4.8503539e-05	
Up.iliocostalis_ic_l.DT0   	0.50593282	0.50586548	4.832885e-05	
Up.iliocostalis_ic_l.Y1    	0.10227994	0.10229202	4.8534983e-05	
Up.longissimus_slt_l.Y0    	0.47873473	0.4788034	4.8242037e-05	
Up.longissimus_slt_l.DT0   	0.44675054	0.44673105	4.8330003e-05	
Up.longissimus_slt_l.Y1    	0.42297157	0.42291304	4.8640213e-05	
Up.spinalis_t_l.Y0         	0.091175816	0.091190332	4.8294077e-05	
Up.spinalis_t_l.DT0        	0.42879896	0.42873683	4.8302159e-05	
Up.spinalis_t_l.Y1         	0.073894564	0.073878671	4.8401687e-05	
Up.trap_scap_m_r.Y0        	0.039653721	0.039660393	4.8060286e-05	
Up.trap_scap_m_r.DT0       	0.31980312	0.31980685	4.8328144e-05	
Up.trap_scap_m_r.Y1        	0.00877146	0.0087029177	4.8186462e-05	
Up.trap_scap_s_r.Y0        	0.60834885	0.60835316	4.8307309e-05	
Up.trap_scap_s_r.DT0       	0.27798009	0.27791462	4.8304125e-05	
Up.trap_scap_s_r.Y1        	0.43771789	0.43766683	4.8531097e-05	
Up.trap_scap_i_r.Y0        	0.17020682	0.17021742	4.8377354e-05	
Up.trap_scap_i_r.DT0       	0.37297472	0.37293118	4.8618459e-05	
Up.trap_scap_i_r.Y1        	0.14043252	0.14036368	4.8209226e-05	
Up.ser_ant_i_r.Y0          	0.13309196	0.13317999	4.8242719e-05	
Up.ser_ant_i_r.DT0         	0.50487982	0.5049639	4.8297369e-05	
Up.ser_ant_i_r.Y1          	0.49120435	0.49128526	4.8906782e-05	
Up.ser_ant_m_r.Y0          	0.14430751	0.14427497	4.8456444e-05	
Up.ser_ant_m_r.DT0         	0.75776383	0.75770201	4.8550893e-05	
Up.ser_ant_m_r.Y1          	0.33915607	0.33912555	4.8452439e-05	
Up.ser_ant_s_r.Y0          	0.025315891	0.02525297	4.8235738e-05	
Up.ser_ant_s_r.DT0         	0.28545401	0.28547836	4.8198785e-05	
Up.ser_ant_s_r.Y1          	0.10170913	0.10175444	4.8216477e-05	
Up.rhom_s_r.Y0             	0.10240388	0.1024468	4.8318285e-05	
Up.rhom_s_r.DT0            	0.68835619	0.68836293	4.8384195e-05	
Up.rhom_s_r.Y1             	0.19607387	0.1961712	4.8553492e-05	
Up.rhom_i_r.Y0             	0.21064211	0.21059468	4.8433796e-05	
Up.rhom_i_r.DT0            	0.35455971	0.35449929	4.8391144e-05	
Up.rhom_i_r.Y1             	0.16987804	0.16982948	4.8480454e-05	
Up.pect_min_r.Y0           	0.023112677	0.023049719	4.8329724e-05	
Up.pect_min_r.DT0          	0.5221582	0.52209945	4.8408024e-05	
Up.pect_min_r.Y1           	0.000538071	0.00053746103	4.8112716e-05	
Up.trap_clav_s_r.Y0        	0.10850255	0.10845064	4.8369052e-05	
Up.trap_clav_s_r.DT0       	0.62698504	0.62698532	4.8178903e-05	
Up.trap_clav_s_r.Y1        	0.19603429	0.19612245	4.8356493e-05	
Up.lev_scap_r.Y0           	0.15618036	0.15618488	4.8472202e-05	
Up.lev_scap_r.DT0          	0.81834346	0.81840586	4.8221258e-05	
Up.lev_scap_r.Y1           	0.11785606	0.11790751	4.8377353e-05	
Up.delt_clav_a_r.Y0        	0.23681348	0.23680825	4.8538885e-05	
Up.delt_clav_a_r.DT0       	0.41610217	0.41609779	4.8290746e-05	
Up.delt_clav_a_r.Y1        	0.2321522	0.23226137	4.8397894e-05	
Up.delt_scap_p_r.Y0        	0.4055915	0.40563296	4.8278013e-05	
Up.delt_scap_p_r.DT0       	0.22729242	0.22731853	4.8552813e-05	
Up.delt_scap_p_r.Y1        	0.067938457	0.067999129	4.7910304e-05	
Up.delt_scap_m_r.Y0        	0.46904062	0.46897162	4.8571996e-05	
Up.delt_scap_m_r.DT0       	0.77497307	0.77495859	4.8302457e-05	
Up.delt_scap_m_r.Y1        	0.50295725	0.50295408	4.8597308e-05	
Up.lat_dors_m_r.Y0         	0.19924747	0.19925613	4.8537817e-05	
Up.lat_dors_m_r.DT0        	0.58783574	0.58788351	4.8236163e-05	
Up.lat_dors_m_r.Y1         	0.014809497	0.014785485	4.8083701e-05	
Up.lat_dors_i_r.Y0         	0.00864874	0.0086649564	4.8224955e-05	
Up.lat_dors_i_r.DT0        	0.37900435	0.37896682	4.831559e-05	
Up.lat_dors_i_r.Y1         	0.0062285544	0.0061940562	4.8011658e-05	
Up.pect_maj_clav_s_r.Y0    	0.093999577	0.09404011	4.8363823e-05	
Up.pect_maj_clav_s_r.DT0   	0.52639027	0.52646114	4.8321992e-05	
Up.pect_maj_clav_s_r.Y1    	0.36793252	0.36794506	4.8218038e-05	
Up.pect_maj_thorax_i_r.Y0  	0.012966365	0.012932673	4.8383675e-05	
Up.pect_maj_thorax_i_r.DT0 	0.38380234	0.3837674	4.8205373e-05	
Up.pect_maj_thorax_i_r.Y1  	0.0024568471	0.002482657	4.7766105e-05	
Up.pect_maj_thorax_m_r.Y0  	0.025979241	0.025966594	4.8185435e-05	
Up.pect_maj_thorax_m_r.DT0 	0.44467802	0.44475273	4.8351548e-05	
Up.pect_maj_thorax_m_r.Y1  	0.023312412	0.023276849	4.8181517e-05	
Up.teres_maj_r.Y0          	0.046977352	0.046877301	4.8413779e-05	
Up.teres_maj_r.DT0         	0.58610238	0.58609449	4.8508277e-05	
Up.teres_maj_r.Y1          	0.0053036231	0.0054145928	4.8074242e-05	
Up.infraspi_i_r.Y0         	0.30572084	0.3056615	4.8236347e-05	
Up.infraspi_i_r.DT0        	0.72210026	0.72218137	4.8175977e-05	
Up.infraspi_i_r.Y1         	0.12914776	0.12909214	4.7943931e-05	
Up.infraspi_s_r.Y0         	0.0430886	0.043055686	4.8536297e-05	
Up.infraspi_s_r.DT0        	0.2206059	0.22062922	4.8276402e-05	
Up.infraspi_s_r.Y1         	0.31809166	0.31800391	4.8439464e-05	
Up.teres_min_r.Y0          	0.40459993	0.4046399	4.8324078e-05	
Up.teres_min_r.DT0         	0.5322727	0.53229007	4.8342421e-05	
Up.teres_min_r.Y1          	0.010045562	0.0099912694	4.8329903e-05	
Up.subscap_s_r.Y0          	0.048090927	0.048034933	4.8401579e-05	
Up.subscap_s_r.DT0         	0.8110721	0.81114531	4.832017e-05	
Up.subscap_s_r.Y1          	0.10680547	0.10689604	4.8519229e-05	
Up.subscap_i_r.Y0          	0.13588233	0.13587993	4.8410794e-05	
Up.subscap_i_r.DT0         	0.38236204	0.38229642	4.8271051e-05	
Up.subscap_i_r.Y1          	0.0069860305	0.0071310468	4.7937548e-05	
Up.supraspi_r.Y0           	0.18807072	0.18809103	4.8434407e-05	
Up.supraspi_r.DT0          	0.23030625	0.23030154	4.8312073e-05	
Up.supraspi_r.Y1           	0.46648041	0.46653519	4.9313654e-05	
Up.tri_long_r.Y0           	0.10110164	0.1011874	4.831612e-05	
Up.tri_long_r.DT0          	0.27176089	0.27179649	4.841618e-05	
Up.tri_long_r.Y1           	0.01166555	0.01165474	4.8333393e-05	
Up.tri_lat_r.Y0            	0.0021048697	0.0021882675	4.7648802e-05	
Up.tri_lat_r.DT0           	0.53746309	0.5374382	4.8195895e-05	
Up.tri_lat_r.Y1            	0.29777363	0.29773533	4.837832e-05	
Up.coracobrach_r.Y0        	0.11130914	0.11128392	4.8634273e-05	
Up.coracobrach_r.DT0       	0.37633673	0.37636125	4.8728117e-05	
Up.coracobrach_r.Y1        	0.065622537	0.065617466	4.829118e-05	
Up.bic_long_r.Y0           	0.54764869	0.54772094	4.8414464e-05	
Up.bic_long_r.DT0          	0.42747074	0.42744494	4.8554919e-05	
Up.bic_long_r.Y1           	0.0089866102	0.0089335697	4.8314595e-05	
Up.bic_brev_r.Y0           	0.044198874	0.044239051	4.8315848e-05	
Up.bic_brev_r.DT0          	0.47510538	0.47500505	4.8746535e-05	
Up.bic_brev_r.Y1           	0.13762981	0.13761723	4.8451196e-05	
Up.brach_r.Y0              	0.84773556	0.84777442	4.8250085e-05	
Up.brach_r.DT0             	0.33915535	0.33913571	4.8211814e-05	
Up.brach_r.Y1              	0.018902503	0.018966005	4.8048452e-05	
Up.brachiorad_r.Y0         	0.084897394	0.084864984	4.8083355e-05	
Up.brachiorad_r.DT0        	0.56208683	0.56202425	4.8522614e-05	
Up.brachiorad_r.Y1         	0.09058639	0.090653203	4.8259658e-05	
Up.supinator_r.Y0          	0.34847644	0.34853919	4.8383999e-05	
Up.supinator_r.DT0         	0.36004164	0.36011992	4.8300335e-05	
Up.supinator_r.Y1          	0.044838302	0.044781736	4.8305814e-05	
Up.pronator_teres_r.Y0     	0.17091731	0.1709054	4.8449424e-05	
Up.pronator_teres_r.DT0    	0.16842249	0.16835057	4.8533418e-05	
Up.pronator_teres_r.Y1     	0.16779292	0.16778045	4.8551971e-05	
Up.ext_carpi_rad_long_r.Y0 	0.1882644	0.18824534	0.00013099255	
Up.ext_carpi_rad_long_r.DT0	0.61943208	0.61953141	0.00013109738	
Up.ext_carpi_rad_long_r.Y1 	0.11995297	0.11991828	0.00013043057	
Up.ext_carpi_rad_brev_r.Y0 	0.0026241126	0.0025762292	4.8168386e-05	
Up.ext_carpi_rad_brev_r.DT0	0.86766371	0.86762147	4.8121119e-05	
Up.ext_carpi_rad_brev_r.Y1 	0.17469589	0.1746219	4.818857e-05	
Up.ext_carpi_ulna_r.Y0     	0.1188474	0.1187873	4.8254744e-05	
Up.ext_carpi_ulna_r.DT0    	0.21502618	0.21495575	4.8224638e-05	
Up.ext_carpi_ulna_r.Y1     	0.040872294	0.040806198	4.817832e-05	
Up.flex_carpi_rad_r.Y0     	0.20690177	0.20689151	4.8399664e-05	
Up.flex_carpi_rad_r.DT0    	0.2032837	0.20335354	4.8477176e-05	
Up.flex_carpi_rad_r.Y1     	0.0068587643	0.0069127434	4.793394e-05	
Up.flex_carpi_ulna_r.Y0    	0.29503491	0.29510269	4.8246482e-05	
Up.flex_carpi_ulna_r.DT0   	0.22504533	0.22499829	4.8368495e-05	
Up.flex_carpi_ulna_r.Y1    	0.009512929	0.0095102697	4.8254106e-05	
Up.trap_scap_m_l.Y0        	0.050450229	0.050717578	0.00082234665	
Up.trap_scap_m_l.DT0       	0.34475638	0.34563614	0.00082344515	
Up.trap_scap_m_l.Y1        	0.0017463564	0.0011062822	0.00082310621	
Up.trap_scap_s_l.Y0        	0.096846121	0.098196535	0.00082144184	
Up.trap_scap_s_l.DT0       	0.34292605	0.34294336	0.00082279117	
Up.trap_scap_s_l.Y1        	0.0038825686	0.0046354723	0.00081993469	
Up.trap_scap_i_l.Y0        	0.086312904	0.08667002	0.00082162171	
Up.trap_scap_i_l.DT0       	0.50287276	0.50472487	0.00082283643	
Up.trap_scap_i_l.Y1        	0.00045049328	0.00045966338	0.00082125473	
Up.ser_ant_i_l.Y0          	0.09167156	0.091871709	0.00082225066	
Up.ser_ant_i_l.DT0         	0.28916725	0.28944467	0.00082203436	
Up.ser_ant_i_l.Y1          	0.029517255	0.029363044	0.00082205991	
Up.ser_ant_m_l.Y0          	0.011347136	0.01133817	0.00082136441	
Up.ser_ant_m_l.DT0         	0.52530083	0.52680459	0.000822007	
Up.ser_ant_m_l.Y1          	0.017088942	0.01725576	0.00082188787	
Up.ser_ant_s_l.Y0          	0.00034667798	0.0018635988	0.00082226877	
Up.ser_ant_s_l.DT0         	0.35514515	0.35468235	0.00082348992	
Up.ser_ant_s_l.Y1          	0.033553404	0.033338721	0.00082136796	
Up.rhom_s_l.Y0             	0.016342231	0.016165009	0.00082206134	
Up.rhom_s_l.DT0            	0.41302891	0.41223403	0.00082308116	
Up.rhom_s_l.Y1             	0.001158373	0.0018895681	0.00082127403	
Up.rhom_i_l.Y0             	0.027794905	0.028675261	0.00082234954	
Up.rhom_i_l.DT0            	0.34725343	0.34769955	0.00082179541	
Up.rhom_i_l.Y1             	0.0008320031	0.0004366156	0.00082305723	
Up.pect_min_l.Y0           	0.037683109	0.037714506	0.00082540638	
Up.pect_min_l.DT0          	0.1834303	0.18378086	0.00082237053	
Up.pect_min_l.Y1           	0.011464089	0.011194791	0.00082103934	
Up.trap_clav_s_l.Y0        	0.027480223	0.027116346	0.00082061424	
Up.trap_clav_s_l.DT0       	0.45789643	0.45891861	0.00082197693	
Up.trap_clav_s_l.Y1        	0.00011207706	0.00068789923	0.00082101673	
Up.lev_scap_l.Y0           	0.074172363	0.073751965	0.00082235109	
Up.lev_scap_l.DT0          	0.61143622	0.61049538	0.00082295244	
Up.lev_scap_l.Y1           	0.066598746	0.065757644	0.00082141253	
Up.delt_clav_a_l.Y0        	0.0054553946	0.0049592017	0.00082106647	
Up.delt_clav_a_l.DT0       	0.42709617	0.42734163	0.00082148357	
Up.delt_clav_a_l.Y1        	0.012013233	0.012940478	0.00082264539	
Up.delt_scap_p_l.Y0        	0.0052869722	0.0043687938	0.00081891413	
Up.delt_scap_p_l.DT0       	0.61892881	0.61785704	0.00082217746	
Up.delt_scap_p_l.Y1        	0.010089559	0.0090098033	0.00081793898	
Up.delt_scap_m_l.Y0        	0.10941791	0.10945983	0.00082071409	
Up.delt_scap_m_l.DT0       	0.22991322	0.22967369	0.00082223955	
Up.delt_scap_m_l.Y1        	0.022473758	0.022460296	0.00081838324	
Up.lat_dors_m_l.Y0         	0.10277706	0.10163863	0.00082180307	
Up.lat_dors_m_l.DT0        	0.34318833	0.34265678	0.00082449771	
Up.lat_dors_m_l.Y1         	0.00061066212	0.0016858409	0.00082130937	
Up.lat_dors_i_l.Y0         	0.099207235	0.099114488	0.00082285554	
Up.lat_dors_i_l.DT0        	0.37972868	0.37957734	0.00082248079	
Up.lat_dors_i_l.Y1         	0.0098686565	0.010989227	0.00082166614	
Up.pect_maj_clav_s_l.Y0    	0.0059825759	0.0050093371	0.00082193525	
Up.pect_maj_clav_s_l.DT0   	0.33058234	0.33128565	0.00082245203	
Up.pect_maj_clav_s_l.Y1    	0.010694599	0.0095793289	0.00082099278	
Up.pect_maj_thorax_i_l.Y0  	0.051927812	0.051744424	0.00082125185	
Up.pect_maj_thorax_i_l.DT0 	0.60155291	0.60179064	0.00082184236	
Up.pect_maj_thorax_i_l.Y1  	0.0036268048	0.0028180804	0.00082187339	
Up.pect_maj_thorax_m_l.Y0  	0.1552212	0.1577299	0.00082121117	
Up.pect_maj_thorax_m_l.DT0 	0.26660284	0.26751801	0.00082201487	
Up.pect_maj_thorax_m_l.Y1  	0.0023167652	0.0032464636	0.00082041661	
Up.teres_maj_l.Y0          	0.17382979	0.17411779	0.00082316523	
Up.teres_maj_l.DT0         	0.31325302	0.31324765	0.00082161994	
Up.teres_maj_l.Y1          	0.0050501962	0.0058394677	0.00081863683	
Up.infraspi_i_l.Y0         	0.10002631	0.10058266	0.00082175259	
Up.infraspi_i_l.DT0        	0.28947757	0.28899951	0.00082194004	
Up.infraspi_i_l.Y1         	0.0056173498	0.0059658649	0.0008202612	
Up.infraspi_s_l.Y0         	0.056676251	0.05780996	0.00082190337	
Up.infraspi_s_l.DT0        	0.44288686	0.44175468	0.00082176259	
Up.infraspi_s_l.Y1         	0.0014391409	0.00079168627	0.00082175399	
Up.teres_min_l.Y0          	0.021384492	0.02061601	0.00082407704	
Up.teres_min_l.DT0         	0.55939495	0.56064385	0.00082178939	
Up.teres_min_l.Y1          	0.0049719114	0.0047287083	0.00082336657	
Up.subscap_s_l.Y0          	0.098678971	0.099286645	0.00082252167	
Up.subscap_s_l.DT0         	0.31459951	0.313692	0.00082284711	
Up.subscap_s_l.Y1          	0.0045692369	0.0047570739	0.00082042114	
Up.subscap_i_l.Y0          	0.010496806	0.011906887	0.00082193465	
Up.subscap_i_l.DT0         	0.42925423	0.42763716	0.00082219912	
Up.subscap_i_l.Y1          	0.022024285	0.021265139	0.0008249971	
Up.supraspi_l.Y0           	0.022188734	0.021721844	0.00082146201	
Up.supraspi_l.DT0          	0.27603386	0.27530345	0.00082291818	
Up.supraspi_l.Y1           	0.0066608812	0.0066896171	0.00082226792	
Up.tri_long_l.Y0           	0.0015771061	0.00052743762	0.0008196905	
Up.tri_long_l.DT0          	0.61966858	0.61876591	0.00082283827	
Up.tri_long_l.Y1           	0.023499044	0.023589234	0.00082187085	
Up.tri_lat_l.Y0            	0.053613544	0.053956333	0.00082196526	
Up.tri_lat_l.DT0           	0.46067169	0.4595127	0.00082159051	
Up.tri_lat_l.Y1            	0.0061864474	0.0047810573	0.000819268	
Up.coracobrach_l.Y0        	0.073492517	0.07294234	0.00082314338	
Up.coracobrach_l.DT0       	0.3524137	0.35211977	0.00082225859	
Up.coracobrach_l.Y1        	0.00065204132	0.0011119372	0.00082157026	
Up.bic_long_l.Y0           	0.048847099	0.04916584	0.00082066476	
Up.bic_long_l.DT0          	0.37156059	0.37173703	0.00082241559	
Up.bic_long_l.Y1           	0.016832699	0.017271504	0.0008208459	
Up.bic_brev_l.Y0           	0.035951562	0.035497526	0.00082184619	
Up.bic_brev_l.DT0          	0.4499684	0.4497425	0.00082317991	
Up.bic_brev_l.Y1           	0.0088633618	0.0087025104	0.00082180607	
Up.brach_l.Y0              	0.0084969975	0.0087058044	0.00082428738	
Up.brach_l.DT0             	0.44942142	0.44871941	0.00082285006	
Up.brach_l.Y1              	0.015537108	0.015081408	0.00082153127	
Up.brachiorad_l.Y0         	0.015863821	0.016000914	0.00082090226	
Up.brachiorad_l.DT0        	0.17144098	0.17143314	0.00082351913	
Up.brachiorad_l.Y1         	0.044866326	0.044510387	0.00082128465	
Up.supinator_l.Y0          	0.0076540072	0.0078235808	0.00082158446	
Up.supinator_l.DT0         	0.3224301	0.32298805	0.0008225153	
Up.supinator_l.Y1          	0.022928415	0.022944781	0.00082150758	
Up.pronator_teres_l.Y0     	0.030882688	0.029665032	0.00082007713	
Up.pronator_teres_l.DT0    	0.44401666	0.44318851	0.00082413201	
Up.pronator_teres_l.Y1     	0.01100017	0.010617358	0.00082007621	
Up.ext_carpi_rad_long_l.Y0 	0.054609904	0.053781405	0.00082167658	
Up.ext_carpi_rad_long_l.DT0	0.39894088	0.39863647	0.00082331257	
Up.ext_carpi_rad_long_l.Y1 	0.022899081	0.022838015	0.00082025442	
Up.ext_carpi_rad_brev_l.Y0 	0.0043550354	0.0026241618	0.00082183272	
Up.ext_carpi_rad_brev_l.DT0	0.60460912	0.60447941	0.00082375318	
Up.ext_carpi_rad_brev_l.Y1 	0.0023714293	0.0011712554	0.00082324066	
Up.ext_carpi_ulna_l.Y0     	0.073548673	0.07337205	0.00082240136	
Up.ext_carpi_ulna_l.DT0    	0.59002007	0.58941781	0.00082249475	
Up.ext_carpi_ulna_l.Y1     	0.0011254343	0.00034968489	0.00082169951	
Up.flex_carpi_rad_l.Y0     	0.050675348	0.051725434	0.00082178249	
Up.flex_carpi_rad_l.DT0    	0.14858767	0.15004939	0.00082409879	
Up.flex_carpi_rad_l.Y1     	0.024002074	0.023481491	0.00082097446	
Up.flex_carpi_ulna_l.Y0    	0.022144183	0.021571779	0.00082090999	
Up.flex_carpi_ulna_l.DT0   	0.73467248	0.73426394	0.00082336923	
Up.flex_carpi_ulna_l.Y1    	0.0074494206	0.0066118316	0.0008202969	
Up.long_col_c1thx_r.Y0     	0.076551399	0.077183691	0.00082319998	
Up.long_col_c1thx_r.DT0    	0.38595349	0.38934584	0.00082253026	
Up.long_col_c1thx_r.Y1     	0.024909895	0.024679821	0.00082209974	
Up.long_col_c1thx_l.Y0     	0.0078882408	0.0073348609	0.00082096927	
Up.long_col_c1thx_l.DT0    	0.29481071	0.29516438	0.00082449873	
Up.long_col_c1thx_l.Y1     	0.0069695882	0.0068230463	0.0008220511	
Fr.ext_obl1_l.Y0           	0.18348769	0.18348443	4.8467304e-05	
Fr.ext_obl1_l.DT0          	0.46651925	0.46653223	4.8256846e-05	
Fr.ext_obl1_l.Y1           	0.00086545556	0.00093309297	4.7915543e-05	
Fr.ext_obl2_l.Y0           	0.29217604	0.29212877	4.8396896e-05	
Fr.ext_obl2_l.DT0          	0.78160097	0.78159293	4.8486405e-05	
Fr.ext_obl2_l.Y1           	0.01781975	0.017818172	4.8372876e-05	
Fr.ext_obl3_l.Y0           	0.1204371	0.12044761	4.8268752e-05	
Fr.ext_obl3_l.DT0          	0.33026716	0.33026613	4.8342146e-05	
Fr.ext_obl3_l.Y1           	0.058076002	0.058047662	4.8061026e-05	
Fr.ext_obl4_l.Y0           	0.2316753	0.23206603	0.0002792323	
Fr.ext_obl4_l.DT0          	0.63826061	0.63817037	0.00014010339	
Fr.ext_obl4_l.Y1           	0.060785938	0.060977681	0.00027835259	
Fr.int_obl1_r.Y0           	0.17775199	0.17769541	4.8251257e-05	
Fr.int_obl1_r.DT0          	0.47964859	0.47965363	4.8217288e-05	
Fr.int_obl1_r.Y1           	0.024671606	0.024731444	4.8074694e-05	
Fr.int_obl2_r.Y0           	0.090892677	0.090876959	4.8384845e-05	
Fr.int_obl2_r.DT0          	0.60372406	0.60377168	4.8190328e-05	
Fr.int_obl2_r.Y1           	0.025260571	0.02527163	4.8118886e-05	
Fr.int_obl3_r.Y0           	0.34623886	0.34620736	4.8321371e-05	
Fr.int_obl3_r.DT0          	0.19222138	0.19216726	4.8602623e-05	
Fr.int_obl3_r.Y1           	0.01070511	0.010669818	4.7874398e-05	
Fr.int_obl4_r.Y0           	0.42750309	0.42728035	0.00027999031	
Fr.int_obl4_r.DT0          	0.27937787	0.27941882	0.00014020796	
Fr.int_obl4_r.Y1           	0.020647345	0.020637975	0.00027688279	
Fr.rect_abd_r.Y0           	0.40984055	0.40981645	4.8368199e-05	
Fr.rect_abd_r.DT0          	0.65367173	0.6537126	4.8463621e-05	
Fr.rect_abd_r.Y1           	0.074169768	0.074103807	4.798563e-05	
Fr.quad_lumb_r.Y0          	0.11167967	0.1117701	4.8340202e-05	
Fr.quad_lumb_r.DT0         	0.56664882	0.5665288	4.8210552e-05	
Fr.quad_lumb_r.Y1          	0.17758441	0.17758354	4.8627343e-05	
Fr.iliocostalis_il_r.Y0    	0.34820993	0.3480995	4.815495e-05	
Fr.iliocostalis_il_r.DT0   	0.48002181	0.47998062	4.8637156e-05	
Fr.iliocostalis_il_r.Y1    	0.6441906	0.64422461	4.9232177e-05	
Fr.iliocostalis_ic_r.Y0    	0.20268905	0.20274954	4.8439924e-05	
Fr.iliocostalis_ic_r.DT0   	0.24212221	0.24218619	4.8754412e-05	
Fr.iliocostalis_ic_r.Y1    	0.36012534	0.36008561	4.8509125e-05	
Fr.longissimus_slt_r.Y0    	0.43675097	0.43679321	4.8454055e-05	
Fr.longissimus_slt_r.DT0   	0.30843675	0.3085103	4.8343821e-05	
Fr.longissimus_slt_r.Y1    	0.044054512	0.044053824	4.7950737e-05	
Fr.spinalis_t_r.Y0         	0.0019703031	0.0020101607	4.8086081e-05	
Fr.spinalis_t_r.DT0        	0.10726397	0.10723286	4.8164798e-05	
Fr.spinalis_t_r.Y1         	0.051902753	0.051940194	4.8249155e-05	
Fr.ext_obl1_r.Y0           	0.19840472	0.198497	4.8333518e-05	
Fr.ext_obl1_r.DT0          	0.14961506	0.1497691	4.8371229e-05	
Fr.ext_obl1_r.Y1           	0.088251977	0.088265966	4.8265002e-05	
Fr.ext_obl2_r.Y0           	0.0174545	0.017427111	4.8104488e-05	
Fr.ext_obl2_r.DT0          	0.45735717	0.45736422	4.8459226e-05	
Fr.ext_obl2_r.Y1           	0.2380239	0.23796015	4.8421915e-05	
Fr.ext_obl3_r.Y0           	0.21336592	0.21343622	4.8143463e-05	
Fr.ext_obl3_r.DT0          	0.5868849	0.58684809	4.8175943e-05	
Fr.ext_obl3_r.Y1           	0.067481505	0.067502853	4.8251878e-05	
Fr.ext_obl4_r.Y0           	0.32587832	0.32664102	0.00027974451	
Fr.ext_obl4_r.DT0          	0.5191799	0.5191873	0.0001398557	
Fr.ext_obl4_r.Y1           	0.10089316	0.10148769	0.00027748287	
Fr.int_obl1_l.Y0           	0.20950921	0.2095066	4.8552256e-05	
Fr.int_obl1_l.DT0          	0.60688435	0.60692005	4.8470425e-05	
Fr.int_obl1_l.Y1           	0.28373732	0.28375897	4.8378008e-05	
Fr.int_obl2_l.Y0           	0.15555548	0.15554197	4.8318858e-05	
Fr.int_obl2_l.DT0          	0.28735778	0.28735568	4.8584443e-05	
Fr.int_obl2_l.Y1           	0.30515624	0.30519349	4.8351315e-05	
Fr.int_obl3_l.Y0           	0.19066227	0.19062272	4.8169298e-05	
Fr.int_obl3_l.DT0          	0.66530278	0.66529406	4.8288112e-05	
Fr.int_obl3_l.Y1           	0.3527871	0.35280818	4.8670289e-05	
Fr.int_obl4_l.Y0           	0.10584005	0.10580415	0.0002791526	
Fr.int_obl4_l.DT0          	0.52737623	0.5273396	0.00014028264	
Fr.int_obl4_l.Y1           	0.083862246	0.08372408	0.00027993875	
Fr.rect_abd_l.Y0           	0.50307245	0.50304893	4.870638e-05	
Fr.rect_abd_l.DT0          	0.19575598	0.19576429	4.8829133e-05	
Fr.rect_abd_l.Y1           	0.040233852	0.040303485	4.791967e-05	
Fr.quad_lumb_l.Y0          	0.050901836	0.050845301	4.8264826e-05	
Fr.quad_lumb_l.DT0         	0.67022235	0.67028617	4.83399e-05	
Fr.quad_lumb_l.Y1          	0.0034279535	0.0032795779	4.8350801e-05	
Fr.iliocostalis_il_l.Y0    	0.012247152	0.01226941	4.8162755e-05	
Fr.iliocostalis_il_l.DT0   	0.25644316	0.25641762	4.8268175e-05	
Fr.iliocostalis_il_l.Y1    	0.48308536	0.48311411	4.8400353e-05	
Fr.iliocostalis_ic_l.Y0    	0.0071383697	0.0071576891	4.7927609e-05	
Fr.iliocostalis_ic_l.DT0   	0.51364512	0.51356157	4.8679806e-05	
Fr.iliocostalis_ic_l.Y1    	0.023005493	0.022996428	4.8037118e-05	
Fr.longissimus_slt_l.Y0    	0.031743886	0.031751637	4.8381546e-05	
Fr.longissimus_slt_l.DT0   	0.49430372	0.4943359	4.8562438e-05	
Fr.longissimus_slt_l.Y1    	0.51509559	0.51504405	4.7945227e-05	
Fr.spinalis_t_l.Y0         	0.12587183	0.12589509	4.8314932e-05	
Fr.spinalis_t_l.DT0        	0.60030334	0.60030169	4.8443257e-05	
Fr.spinalis_t_l.Y1         	0.11954366	0.11962789	4.8424466e-05	
Fr.trap_scap_m_r.Y0        	0.18088653	0.18097165	4.8344297e-05	
Fr.trap_scap_m_r.DT0       	0.76189756	0.76186338	4.8437137e-05	
Fr.trap_scap_m_r.Y1        	0.085055403	0.085069947	4.826876e-05	
Fr.trap_scap_s_r.Y0        	0.30132926	0.30130556	4.8225153e-05	
Fr.trap_scap_s_r.DT0       	0.90327933	0.90328917	4.8046243e-05	
Fr.trap_scap_s_r.Y1        	0.081547396	0.08152706	4.8292665e-05	
Fr.trap_scap_i_r.Y0        	0.077956109	0.077940924	4.8443213e-05	
Fr.trap_scap_i_r.DT0       	0.50628492	0.50632446	4.8475113e-05	
Fr.trap_scap_i_r.Y1        	0.035996361	0.035922451	4.8239271e-05	
Fr.ser_ant_i_r.Y0          	0.20409815	0.20411021	4.8628663e-05	
Fr.ser_ant_i_r.DT0         	0.18811924	0.18816173	4.851598e-05	
Fr.ser_ant_i_r.Y1          	0.37311993	0.37308711	4.9010532e-05	
Fr.ser_ant_m_r.Y0          	0.092826758	0.092909004	4.8484585e-05	
Fr.ser_ant_m_r.DT0         	0.76366518	0.76371234	4.8191973e-05	
Fr.ser_ant_m_r.Y1          	0.44520622	0.44515278	4.8371047e-05	
Fr.ser_ant_s_r.Y0          	0.24986993	0.24989669	4.8184336e-05	
Fr.ser_ant_s_r.DT0         	0.49923144	0.49919136	4.8380099e-05	
Fr.ser_ant_s_r.Y1          	0.035828638	0.035902701	4.8332558e-05	
Fr.rhom_s_r.Y0             	0.18299302	0.18302074	4.8521081e-05	
Fr.rhom_s_r.DT0            	0.26627814	0.26630248	4.8357693e-05	
Fr.rhom_s_r.Y1             	0.16647646	0.16650639	4.8491525e-05	
Fr.rhom_i_r.Y0             	0.21899171	0.21897149	4.8423826e-05	
Fr.rhom_i_r.DT0            	0.52142018	0.52141913	4.824161e-05	
Fr.rhom_i_r.Y1             	0.066051997	0.065993948	4.8032081e-05	
Fr.pect_min_r.Y0           	0.11783207	0.11781867	4.8411723e-05	
Fr.pect_min_r.DT0          	0.72787384	0.72785442	4.8395448e-05	
Fr.pect_min_r.Y1           	0.03156869	0.031528876	4.8234725e-05	
Fr.trap_clav_s_r.Y0        	0.18202565	0.18206467	4.8187052e-05	
Fr.trap_clav_s_r.DT0       	0.8331392	0.83322296	4.8244588e-05	
Fr.trap_clav_s_r.Y1        	0.057925734	0.057894645	4.8294445e-05	
Fr.lev_scap_r.Y0           	0.13154375	0.13161018	4.8254291e-05	
Fr.lev_scap_r.DT0          	0.23683351	0.23674908	4.8363007e-05	
Fr.lev_scap_r.Y1           	0.053967559	0.053985979	4.82942e-05	
Fr.delt_clav_a_r.Y0        	0.12214076	0.12214335	4.8397976e-05	
Fr.delt_clav_a_r.DT0       	0.73986553	0.73989064	4.832014e-05	
Fr.delt_clav_a_r.Y1        	0.43236125	0.43245302	4.83448e-05	
Fr.delt_scap_p_r.Y0        	0.0039964439	0.0039770157	4.7965301e-05	
Fr.delt_scap_p_r.DT0       	0.43367303	0.43371245	4.8460571e-05	
Fr.delt_scap_p_r.Y1        	0.041447286	0.041434816	4.8241404e-05	
Fr.delt_scap_m_r.Y0        	0.077232081	0.077155797	4.8353611e-05	
Fr.delt_scap_m_r.DT0       	0.45272445	0.45272596	4.8142179e-05	
Fr.delt_scap_m_r.Y1        	0.34082029	0.34087886	4.8413325e-05	
Fr.lat_dors_m_r.Y0         	0.19720609	0.19723353	4.8381327e-05	
Fr.lat_dors_m_r.DT0        	0.49273474	0.49282463	4.821901e-05	
Fr.lat_dors_m_r.Y1         	0.0080664027	0.008131977	4.7997597e-05	
Fr.lat_dors_i_r.Y0         	0.14290338	0.14294318	4.8423193e-05	
Fr.lat_dors_i_r.DT0        	0.28178433	0.28183307	4.8093985e-05	
Fr.lat_dors_i_r.Y1         	0.0097481379	0.0096663068	4.7681236e-05	
Fr.pect_maj_clav_s_r.Y0    	0.37883848	0.37890026	4.891376e-05	
Fr.pect_maj_clav_s_r.DT0   	0.62849335	0.6284329	4.8486008e-05	
Fr.pect_maj_clav_s_r.Y1    	0.24107729	0.24105465	4.8726489e-05	
Fr.pect_maj_thorax_i_r.Y0  	0.037530631	0.037538942	4.8239085e-05	
Fr.pect_maj_thorax_i_r.DT0 	0.80578424	0.80582255	4.8355231e-05	
Fr.pect_maj_thorax_i_r.Y1  	0.037485675	0.037458015	4.8527052e-05	
Fr.pect_maj_thorax_m_r.Y0  	0.13987368	0.13982218	4.8235088e-05	
Fr.pect_maj_thorax_m_r.DT0 	0.69859985	0.69859086	4.8307995e-05	
Fr.pect_maj_thorax_m_r.Y1  	0.1471606	0.14722904	4.8373639e-05	
Fr.teres_maj_r.Y0          	0.18484839	0.18476967	4.8417912e-05	
Fr.teres_maj_r.DT0         	0.13265955	0.13261432	4.8297496e-05	
Fr.teres_maj_r.Y1          	0.013228594	0.013177497	4.8325941e-05	
Fr.infraspi_i_r.Y0         	0.093056526	0.092963693	4.8220368e-05	
Fr.infraspi_i_r.DT0        	0.7080126	0.70794698	4.8178254e-05	
Fr.infraspi_i_r.Y1         	0.020200788	0.020142563	4.8272478e-05	
Fr.infraspi_s_r.Y0         	0.17382591	0.17379376	4.8378759e-05	
Fr.infraspi_s_r.DT0        	0.40721414	0.40717343	4.8106478e-05	
Fr.infraspi_s_r.Y1         	0.016472059	0.016438092	4.8283463e-05	
Fr.teres_min_r.Y0          	0.095040531	0.095113367	4.8227046e-05	
Fr.teres_min_r.DT0         	0.19721966	0.19719027	4.8245919e-05	
Fr.teres_min_r.Y1          	0.058343748	0.058365868	4.8347681e-05	
Fr.subscap_s_r.Y0          	0.11712487	0.11718039	4.8346589e-05	
Fr.subscap_s_r.DT0         	0.73141736	0.73142252	4.8342252e-05	
Fr.subscap_s_r.Y1          	0.064244363	0.064259575	4.8281267e-05	
Fr.subscap_i_r.Y0          	0.42878397	0.42875753	4.8540072e-05	
Fr.subscap_i_r.DT0         	0.55830872	0.55832557	4.8657377e-05	
Fr.subscap_i_r.Y1          	0.040928124	0.041053541	4.8290271e-05	
Fr.supraspi_r.Y0           	0.39387201	0.39383723	4.8286906e-05	
Fr.supraspi_r.DT0          	0.54715558	0.54705446	4.8494595e-05	
Fr.supraspi_r.Y1           	0.36607822	0.36610299	4.8519924e-05	
Fr.tri_long_r.Y0           	0.031829634	0.031890021	4.8062244e-05	
Fr.tri_long_r.DT0          	0.4273185	0.42732917	4.832397e-05	
Fr.tri_long_r.Y1           	0.10641792	0.10640659	4.819574e-05	
Fr.tri_lat_r.Y0            	0.055517503	0.055394086	4.8840042e-05	
Fr.tri_lat_r.DT0           	0.35883082	0.35891523	4.8915286e-05	
Fr.tri_lat_r.Y1            	0.33066263	0.33064001	4.8365039e-05	
Fr.coracobrach_r.Y0        	0.16322298	0.16323387	4.8586788e-05	
Fr.coracobrach_r.DT0       	0.29448053	0.29451622	4.8430278e-05	
Fr.coracobrach_r.Y1        	0.036158986	0.036057837	4.870814e-05	
Fr.bic_long_r.Y0           	0.33629014	0.33636436	4.8637291e-05	
Fr.bic_long_r.DT0          	0.31178281	0.31184512	4.8278356e-05	
Fr.bic_long_r.Y1           	0.35258021	0.35253427	4.8421589e-05	
Fr.bic_brev_r.Y0           	0.096185397	0.096152524	4.8062586e-05	
Fr.bic_brev_r.DT0          	0.85469473	0.85476779	4.8327131e-05	
Fr.bic_brev_r.Y1           	0.045966865	0.045984825	4.8231255e-05	
Fr.brach_r.Y0              	0.1960574	0.19596578	4.8401241e-05	
Fr.brach_r.DT0             	0.84512399	0.84511007	4.8283963e-05	
Fr.brach_r.Y1              	0.057657437	0.057687506	4.8304459e-05	
Fr.brachiorad_r.Y0         	0.15969176	0.15975019	4.847953e-05	
Fr.brachiorad_r.DT0        	0.49276858	0.49273089	4.8403701e-05	
Fr.brachiorad_r.Y1         	0.020174045	0.020177676	4.7955697e-05	
Fr.supinator_r.Y0          	0.30847534	0.30850612	4.8422994e-05	
Fr.supinator_r.DT0         	0.72272469	0.72275316	4.8504057e-05	
Fr.supinator_r.Y1          	0.13991314	0.13992848	4.8501813e-05	
Fr.pronator_teres_r.Y0     	0.10761692	0.10766459	4.8540344e-05	
Fr.pronator_teres_r.DT0    	0.3603076	0.36031549	4.8357338e-05	
Fr.pronator_teres_r.Y1     	0.10125697	0.10122763	4.8450358e-05	
Fr.ext_carpi_rad_long_r.Y0 	0.22178269	0.22171754	0.00012994666	
Fr.ext_carpi_rad_long_r.DT0	0.24171767	0.24149089	0.00013108113	
Fr.ext_carpi_rad_long_r.Y1 	0.10952312	0.10952923	0.00012975284	
Fr.ext_carpi_rad_brev_r.Y0 	0.24473076	0.2446911	4.8364746e-05	
Fr.ext_carpi_rad_brev_r.DT0	0.27689772	0.27689178	4.8210964e-05	
Fr.ext_carpi_rad_brev_r.Y1 	0.05890087	0.058866484	4.8276336e-05	
Fr.ext_carpi_ulna_r.Y0     	0.25411808	0.25406304	4.8564953e-05	
Fr.ext_carpi_ulna_r.DT0    	0.29793591	0.29802664	4.8311423e-05	
Fr.ext_carpi_ulna_r.Y1     	0.098301462	0.098320203	4.8335273e-05	
Fr.flex_carpi_rad_r.Y0     	0.032128627	0.032075442	4.8245018e-05	
Fr.flex_carpi_rad_r.DT0    	0.77048593	0.77055604	4.8345163e-05	
Fr.flex_carpi_rad_r.Y1     	0.020670069	0.020629308	4.7769808e-05	
Fr.flex_carpi_ulna_r.Y0    	0.23970645	0.23970705	4.8222061e-05	
Fr.flex_carpi_ulna_r.DT0   	0.14520876	0.14521495	4.8304024e-05	
Fr.flex_carpi_ulna_r.Y1    	0.017683753	0.017656232	4.789136e-05	
Fr.trap_scap_m_l.Y0        	0.039417616	0.040042555	0.00082168074	
Fr.trap_scap_m_l.DT0       	0.31752835	0.31718928	0.0008218257	
Fr.trap_scap_m_l.Y1        	0.0015184055	0.0017118359	0.00082154515	
Fr.trap_scap_s_l.Y0        	0.019901062	0.019324683	0.00082135452	
Fr.trap_scap_s_l.DT0       	0.56212213	0.56266343	0.00082253425	
Fr.trap_scap_s_l.Y1        	0.0039010181	0.0044380931	0.00082133069	
Fr.trap_scap_i_l.Y0        	0.064478532	0.064433174	0.00082152437	
Fr.trap_scap_i_l.DT0       	0.34530649	0.34581484	0.00082228511	
Fr.trap_scap_i_l.Y1        	0.0291118	0.029304283	0.0008213359	
Fr.ser_ant_i_l.Y0          	0.035903343	0.035692528	0.00082131989	
Fr.ser_ant_i_l.DT0         	0.35669216	0.35741041	0.00082268982	
Fr.ser_ant_i_l.Y1          	0.0020926468	0.0024786745	0.00082141798	
Fr.ser_ant_m_l.Y0          	0.094352663	0.095592909	0.00082471794	
Fr.ser_ant_m_l.DT0         	0.40946105	0.40916307	0.00082482845	
Fr.ser_ant_m_l.Y1          	0.00072179213	0.00082277897	0.00082136745	
Fr.ser_ant_s_l.Y0          	0.054386256	0.053982359	0.00082269956	
Fr.ser_ant_s_l.DT0         	0.40349272	0.40410355	0.00082312906	
Fr.ser_ant_s_l.Y1          	0.013130663	0.012223449	0.00082352602	
Fr.rhom_s_l.Y0             	0.063840124	0.063237161	0.00082196194	
Fr.rhom_s_l.DT0            	0.5385351	0.53903544	0.00082243058	
Fr.rhom_s_l.Y1             	0.011767225	0.012433186	0.00082310868	
Fr.rhom_i_l.Y0             	0.068271871	0.06876981	0.00082276084	
Fr.rhom_i_l.DT0            	0.47572458	0.47429481	0.0008219619	
Fr.rhom_i_l.Y1             	0.014291478	0.013414831	0.00082227993	
Fr.pect_min_l.Y0           	0.049346136	0.048961336	0.00082178137	
Fr.pect_min_l.DT0          	0.50084087	0.50081666	0.00082216516	
Fr.pect_min_l.Y1           	0.013844941	0.01404615	0.00082138872	
Fr.trap_clav_s_l.Y0        	0.0033840345	0.0029293367	0.00082042738	
Fr.trap_clav_s_l.DT0       	0.3214337	0.32012655	0.00082280186	
Fr.trap_clav_s_l.Y1        	0.14510323	0.14572548	0.0008230247	
Fr.lev_scap_l.Y0           	0.093192318	0.093655806	0.00082150139	
Fr.lev_scap_l.DT0          	0.35252049	0.35257918	0.0008225905	
Fr.lev_scap_l.Y1           	0.03331644	0.031949724	0.0008201462	
Fr.delt_clav_a_l.Y0        	0.071524708	0.071546927	0.00082173147	
Fr.delt_clav_a_l.DT0       	0.24555088	0.24618591	0.00082367978	
Fr.delt_clav_a_l.Y1        	0.021981628	0.02173677	0.00082086855	
Fr.delt_scap_p_l.Y0        	0.0056773399	0.0057245344	0.00081831422	
Fr.delt_scap_p_l.DT0       	0.59297078	0.5916584	0.0008234203	
Fr.delt_scap_p_l.Y1        	0.021071772	0.020372166	0.0008185524	
Fr.delt_scap_m_l.Y0        	0.089290709	0.089303898	0.00081802013	
Fr.delt_scap_m_l.DT0       	0.6079668	0.60723811	0.00082320906	
Fr.delt_scap_m_l.Y1        	0.0014830987	0.00096809096	0.00081769246	
Fr.lat_dors_m_l.Y0         	0.087796395	0.088594788	0.00082181116	
Fr.lat_dors_m_l.DT0        	0.20901944	0.21007718	0.00082316544	
Fr.lat_dors_m_l.Y1         	0.034727817	0.03485268	0.00082143838	
Fr.lat_dors_i_l.Y0         	0.012275923	0.010496168	0.00082296376	
Fr.lat_dors_i_l.DT0        	0.52039024	0.51966272	0.00082175132	
Fr.lat_dors_i_l.Y1         	0.017708083	0.018211732	0.00082170457	
Fr.pect_maj_clav_s_l.Y0    	0.046403823	0.046503052	0.00082286416	
Fr.pect_maj_clav_s_l.DT0   	0.48968608	0.49004009	0.00082327009	
Fr.pect_maj_clav_s_l.Y1    	0.024570666	0.02498554	0.00082110134	
Fr.pect_maj_thorax_i_l.Y0  	0.041617282	0.041781637	0.00082087588	
Fr.pect_maj_thorax_i_l.DT0 	0.32880698	0.32778726	0.00082256458	
Fr.pect_maj_thorax_i_l.Y1  	0.031635493	0.031579008	0.00082120405	
Fr.pect_maj_thorax_m_l.Y0  	0.060299172	0.059824995	0.00082241804	
Fr.pect_maj_thorax_m_l.DT0 	0.36606136	0.3665428	0.00082240313	
Fr.pect_maj_thorax_m_l.Y1  	0.02166306	0.023805784	0.00082295624	
Fr.teres_maj_l.Y0          	0.11278468	0.11135888	0.00082179631	
Fr.teres_maj_l.DT0         	0.3870328	0.38727293	0.00082144664	
Fr.teres_maj_l.Y1          	0.012890188	0.013400248	0.0008188669	
Fr.infraspi_i_l.Y0         	0.044387037	0.044649091	0.00082204693	
Fr.infraspi_i_l.DT0        	0.53287098	0.53248007	0.00082320182	
Fr.infraspi_i_l.Y1         	0.033790515	0.034731487	0.00081983805	
Fr.infraspi_s_l.Y0         	0.0034677267	0.0027782206	0.00082248706	
Fr.infraspi_s_l.DT0        	0.54680021	0.54604876	0.00082194161	
Fr.infraspi_s_l.Y1         	0.013635429	0.013562242	0.00082162312	
Fr.teres_min_l.Y0          	0.059448135	0.058991189	0.00082290116	
Fr.teres_min_l.DT0         	0.43155246	0.43124915	0.0008219354	
Fr.teres_min_l.Y1          	0.0030022567	0.0021596627	0.00082202787	
Fr.subscap_s_l.Y0          	0.0095754848	0.01121458	0.00082189499	
Fr.subscap_s_l.DT0         	0.38842591	0.3887534	0.00082207058	
Fr.subscap_s_l.Y1          	0.0011528288	0.0011154588	0.000820765	
Fr.subscap_i_l.Y0          	0.0029294486	0.0040256862	0.00082074593	
Fr.subscap_i_l.DT0         	0.33144249	0.33063695	0.00082237436	
Fr.subscap_i_l.Y1          	0.019895549	0.020796302	0.00082066796	
Fr.supraspi_l.Y0           	0.099022102	0.098893443	0.00082331253	
Fr.supraspi_l.DT0          	0.45493705	0.45456875	0.00082209723	
Fr.supraspi_l.Y1           	0.0021649978	0.0014426499	0.0008234918	
Fr.tri_long_l.Y0           	0.077119301	0.078311901	0.00082101153	
Fr.tri_long_l.DT0          	0.39187562	0.39079284	0.00082304923	
Fr.tri_long_l.Y1           	0.0051468086	0.0046962018	0.00081903166	
Fr.tri_lat_l.Y0            	0.042012177	0.042483946	0.00082091966	
Fr.tri_lat_l.DT0           	0.45967228	0.45887583	0.00082134329	
Fr.tri_lat_l.Y1            	0.00021932072	9.4334647e-06	0.00082032474	
Fr.coracobrach_l.Y0        	0.22445257	0.22474301	0.00082437866	
Fr.coracobrach_l.DT0       	0.2116425	0.21164083	0.00082256929	
Fr.coracobrach_l.Y1        	0.002820383	0.0019187905	0.00082077672	
Fr.bic_long_l.Y0           	0.12492706	0.12523891	0.0008226532	
Fr.bic_long_l.DT0          	0.21996701	0.21798923	0.00082238901	
Fr.bic_long_l.Y1           	0.0082060274	0.0074462778	0.00082074627	
Fr.bic_brev_l.Y0           	0.078407066	0.0787386	0.00082224071	
Fr.bic_brev_l.DT0          	0.48944714	0.49045468	0.00082185027	
Fr.bic_brev_l.Y1           	0.028960699	0.028209715	0.00082279685	
Fr.brach_l.Y0              	0.0096807764	0.010013568	0.0008211484	
Fr.brach_l.DT0             	0.3334314	0.33394627	0.00082203353	
Fr.brach_l.Y1              	0.006973197	0.0071266063	0.00082166723	
Fr.brachiorad_l.Y0         	0.099048098	0.098913158	0.00082222597	
Fr.brachiorad_l.DT0        	0.6907203	0.69004036	0.00082430097	
Fr.brachiorad_l.Y1         	0.0084094383	0.010128933	0.00082088222	
Fr.supinator_l.Y0          	0.062181671	0.062632001	0.00082371828	
Fr.supinator_l.DT0         	0.45187355	0.45287375	0.00082277154	
Fr.supinator_l.Y1          	0.004782912	0.0052064262	0.00082128303	
Fr.pronator_teres_l.Y0     	0.067891501	0.068529161	0.00082167365	
Fr.pronator_teres_l.DT0    	0.47174612	0.47180457	0.00082161072	
Fr.pronator_teres_l.Y1     	0.025635789	0.024805802	0.00082157699	
Fr.ext_carpi_rad_long_l.Y0 	0.10477761	0.10398023	0.00082337975	
Fr.ext_carpi_rad_long_l.DT0	0.5504219	0.55147926	0.00082360943	
Fr.ext_carpi_rad_long_l.Y1 	0.013879472	0.015051299	0.00082175385	
Fr.ext_carpi_rad_brev_l.Y0 	0.057587893	0.058425294	0.00082142232	
Fr.ext_carpi_rad_brev_l.DT0	0.34748817	0.34621017	0.00082201391	
Fr.ext_carpi_rad_brev_l.Y1 	0.015820373	0.016117811	0.00082408609	
Fr.ext_carpi_ulna_l.Y0     	0.11989507	0.12018588	0.00082225453	
Fr.ext_carpi_ulna_l.DT0    	0.45722613	0.45638735	0.00082221042	
Fr.ext_carpi_ulna_l.Y1     	0.0013991606	0.00081085804	0.0008202851	
Fr.flex_carpi_rad_l.Y0     	0.096968949	0.097611006	0.00082265676	
Fr.flex_carpi_rad_l.DT0    	0.51303783	0.51232841	0.00082252196	
Fr.flex_carpi_rad_l.Y1     	0.043694553	0.042390768	0.00082336299	
Fr.flex_carpi_ulna_l.Y0    	0.054917121	0.054170047	0.00082208711	
Fr.flex_carpi_ulna_l.DT0   	0.38777111	0.38879253	0.00082132031	
Fr.flex_carpi_ulna_l.Y1    	0.020723525	0.01978936	0.00082145491	
Fr.long_col_c1thx_r.Y0     	0.0036797398	0.0034014037	0.00082276141	
Fr.long_col_c1thx_r.DT0    	0.48947936	0.48829411	0.00082244795	
Fr.long_col_c1thx_r.Y1     	0.056549495	0.057113333	0.00082240831	
Fr.long_col_c1thx_l.Y0     	0.15865654	0.15824787	0.00082226242	
Fr.long_col_c1thx_l.DT0    	0.42623398	0.42596895	0.00082189601	
Fr.long_col_c1thx_l.Y1     	0.0039464092	0.0035900746	0.00082170068	
Bh.ext_obl1_l.Y0           	0.44414308	0.44413039	4.8384428e-05	
Bh.ext_obl1_l.DT0          	0.55196029	0.55200922	4.8435556e-05	
Bh.ext_obl1_l.Y1           	0.11399087	0.11394289	4.8563434e-05	
Bh.ext_obl2_l.Y0           	0.27271401	0.27273747	4.8174396e-05	
Bh.ext_obl2_l.DT0          	0.42885901	0.42884267	4.8348205e-05	
Bh.ext_obl2_l.Y1           	0.1354216	0.13544107	4.8309442e-05	
Bh.ext_obl3_l.Y0           	0.25978908	0.25984305	4.8533225e-05	
Bh.ext_obl3_l.DT0          	0.37291188	0.37286632	4.8293214e-05	
Bh.ext_obl3_l.Y1           	0.003060081	0.0030443038	4.8192617e-05	
Bh.ext_obl4_l.Y0           	0.11804112	0.11823068	0.00027964769	
Bh.ext_obl4_l.DT0          	0.69523684	0.69545553	0.0001402678	
Bh.ext_obl4_l.Y1           	0.025279548	0.025152267	0.0002778806	
Bh.int_obl1_r.Y0           	0.13294182	0.13281211	4.8254019e-05	
Bh.int_obl1_r.DT0          	0.57079745	0.57075469	4.8248475e-05	
Bh.int_obl1_r.Y1           	0.03737616	0.037344479	4.8884134e-05	
Bh.int_obl2_r.Y0           	0.15384619	0.15395023	4.8354041e-05	
Bh.int_obl2_r.DT0          	0.64147972	0.64151815	4.8364872e-05	
Bh.int_obl2_r.Y1           	0.22995769	0.23003289	4.8296921e-05	
Bh.int_obl3_r.Y0           	0.0048445541	0.0048691089	4.8407531e-05	
Bh.int_obl3_r.DT0          	0.41446915	0.41447745	4.8658427e-05	
Bh.int_obl3_r.Y1           	0.21473757	0.21484694	4.8311541e-05	
Bh.int_obl4_r.Y0           	0.084933414	0.084667268	0.00027950079	
Bh.int_obl4_r.DT0          	0.19639617	0.19651557	0.00014003854	
Bh.int_obl4_r.Y1           	0.1247719	0.12508878	0.00028233881	
Bh.rect_abd_r.Y0           	0.0095379633	0.0095649758	4.8093206e-05	
Bh.rect_abd_r.DT0          	0.36399251	0.36393903	4.8506385e-05	
Bh.rect_abd_r.Y1           	0.048575952	0.048589468	4.8480683e-05	
Bh.quad_lumb_r.Y0          	0.18209104	0.18209992	4.8395725e-05	
Bh.quad_lumb_r.DT0         	0.39443937	0.39436002	4.81946e-05	
Bh.quad_lumb_r.Y1          	0.040200243	0.040277211	4.8575842e-05	
Bh.iliocostalis_il_r.Y0    	0.30014106	0.30018953	4.8166873e-05	
Bh.iliocostalis_il_r.DT0   	0.57486899	0.57484362	4.811623e-05	
Bh.iliocostalis_il_r.Y1    	0.36443132	0.36446523	4.8615524e-05	
Bh.iliocostalis_ic_r.Y0    	0.22648861	0.22642969	4.8396957e-05	
Bh.iliocostalis_ic_r.DT0   	0.47034797	0.47039896	4.8663794e-05	
Bh.iliocostalis_ic_r.Y1    	0.063749857	0.063796689	4.8496122e-05	
Bh.longissimus_slt_r.Y0    	0.91351481	0.91349267	4.8443971e-05	
Bh.longissimus_slt_r.DT0   	0.44994203	0.44994139	4.8568468e-05	
Bh.longissimus_slt_r.Y1    	0.40203383	0.40200766	4.8774013e-05	
Bh.spinalis_t_r.Y0         	0.087212666	0.087212778	4.833429e-05	
Bh.spinalis_t_r.DT0        	0.36714123	0.36720555	4.8325581e-05	
Bh.spinalis_t_r.Y1         	0.017643727	0.017615673	4.8066543e-05	
Bh.ext_obl1_r.Y0           	0.056254665	0.056265003	4.8202359e-05	
Bh.ext_obl1_r.DT0          	0.51449094	0.51450149	4.8369337e-05	
Bh.ext_obl1_r.Y1           	0.26132418	0.26133008	4.8659282e-05	
Bh.ext_obl2_r.Y0           	0.02252118	0.022506285	4.8581054e-05	
Bh.ext_obl2_r.DT0          	0.43149134	0.43148608	4.8403e-05	
Bh.ext_obl2_r.Y1           	0.18526376	0.18523317	4.8674377e-05	
Bh.ext_obl3_r.Y0           	0.1321499	0.13208285	4.8260751e-05	
Bh.ext_obl3_r.DT0          	0.4957733	0.49579002	4.8251515e-05	
Bh.ext_obl3_r.Y1           	0.11993941	0.11994574	4.8381505e-05	
Bh.ext_obl4_r.Y0           	0.17593937	0.1760346	0.00027945268	
Bh.ext_obl4_r.DT0          	0.29112745	0.29096376	0.00014023847	
Bh.ext_obl4_r.Y1           	0.087302731	0.086951503	0.0002785448	
Bh.int_obl1_l.Y0           	0.11627103	0.1162835	4.8151165e-05	
Bh.int_obl1_l.DT0          	0.64668233	0.64667125	4.8508577e-05	
Bh.int_obl1_l.Y1           	0.049279936	0.049254011	4.8166551e-05	
Bh.int_obl2_l.Y0           	0.092283042	0.09231518	4.8720854e-05	
Bh.int_obl2_l.DT0          	0.50300031	0.50300175	4.8715656e-05	
Bh.int_obl2_l.Y1           	0.14826251	0.14829699	4.8368047e-05	
Bh.int_obl3_l.Y0           	0.094394187	0.094319581	4.8511185e-05	
Bh.int_obl3_l.DT0          	0.33758374	0.33760418	4.8210362e-05	
Bh.int_obl3_l.Y1           	0.15411897	0.15414677	4.8222696e-05	
Bh.int_obl4_l.Y0           	0.077534898	0.077260765	0.00027915421	
Bh.int_obl4_l.DT0          	0.50719277	0.50710537	0.00013987667	
Bh.int_obl4_l.Y1           	0.16124916	0.16059269	0.00028141835	
Bh.rect_abd_l.Y0           	0.046175063	0.046222833	4.7996994e-05	
Bh.rect_abd_l.DT0          	0.63666724	0.63674775	4.8540932e-05	
Bh.rect_abd_l.Y1           	0.22792491	0.22792375	4.878095e-05	
Bh.quad_lumb_l.Y0          	0.05113059	0.05116271	4.8470184e-05	
Bh.quad_lumb_l.DT0         	0.24992294	0.24991045	4.8372721e-05	
Bh.quad_lumb_l.Y1          	0.08218869	0.082228325	4.8390058e-05	
Bh.iliocostalis_il_l.Y0    	0.76451322	0.76456317	4.8375122e-05	
Bh.iliocostalis_il_l.DT0   	0.25845765	0.25844769	4.8215116e-05	
Bh.iliocostalis_il_l.Y1    	0.39897	0.39887932	4.8434521e-05	
Bh.iliocostalis_ic_l.Y0    	0.12746988	0.12753634	4.8214045e-05	
Bh.iliocostalis_ic_l.DT0   	0.60834503	0.60827631	4.8382197e-05	
Bh.iliocostalis_ic_l.Y1    	0.14599507	0.14601546	4.8345356e-05	
Bh.longissimus_slt_l.Y0    	0.52880251	0.52876988	4.8550675e-05	
Bh.longissimus_slt_l.DT0   	0.36196929	0.36201689	4.8473448e-05	
Bh.longissimus_slt_l.Y1    	0.15738385	0.15728931	4.8553009e-05	
Bh.spinalis_t_l.Y0         	0.095900778	0.09587314	4.8242903e-05	
Bh.spinalis_t_l.DT0        	0.21179897	0.21187833	4.8170408e-05	
Bh.spinalis_t_l.Y1         	0.01097674	0.010986926	4.7817843e-05	
Bh.trap_scap_m_r.Y0        	0.17388619	0.17380554	4.8603325e-05	
Bh.trap_scap_m_r.DT0       	0.67611492	0.67607252	4.8298561e-05	
Bh.trap_scap_m_r.Y1        	0.17821834	0.1782935	4.8509285e-05	
Bh.trap_scap_s_r.Y0        	0.034797951	0.034796578	4.8193209e-05	
Bh.trap_scap_s_r.DT0       	0.47623594	0.47626946	4.8400103e-05	
Bh.trap_scap_s_r.Y1        	0.059231039	0.059266396	4.8287993e-05	
Bh.trap_scap_i_r.Y0        	0.12068171	0.12065955	4.8608973e-05	
Bh.trap_scap_i_r.DT0       	0.18884179	0.1889056	4.8421677e-05	
Bh.trap_scap_i_r.Y1        	0.065925369	0.065978831	4.8691122e-05	
Bh.ser_ant_i_r.Y0          	0.12015617	0.1201096	4.8216494e-05	
Bh.ser_ant_i_r.DT0         	0.40227994	0.40228256	4.8725027e-05	
Bh.ser_ant_i_r.Y1          	0.070123153	0.070009872	4.8182659e-05	
Bh.ser_ant_m_r.Y0          	0.21213396	0.21206635	4.8305515e-05	
Bh.ser_ant_m_r.DT0         	0.2127255	0.21269918	4.8445261e-05	
Bh.ser_ant_m_r.Y1          	0.11860413	0.11858543	4.8355894e-05	
Bh.ser_ant_s_r.Y0          	0.24123871	0.24125676	4.8379724e-05	
Bh.ser_ant_s_r.DT0         	0.69362413	0.69357189	4.822037e-05	
Bh.ser_ant_s_r.Y1          	0.056092758	0.056023816	4.8431918e-05	
Bh.rhom_s_r.Y0             	0.081776804	0.081786004	4.8189578e-05	
Bh.rhom_s_r.DT0            	0.45820904	0.45809091	4.8266896e-05	
Bh.rhom_s_r.Y1             	0.16772073	0.16778721	4.8626597e-05	
Bh.rhom_i_r.Y0             	0.12464915	0.12463613	4.8111838e-05	
Bh.rhom_i_r.DT0            	0.2618908	0.26175968	4.8451871e-05	
Bh.rhom_i_r.Y1             	0.3421796	0.34222541	4.8677573e-05	
Bh.pect_min_r.Y0           	0.029940244	0.029894905	4.808054e-05	
Bh.pect_min_r.DT0          	0.7441982	0.74428421	4.8541957e-05	
Bh.pect_min_r.Y1           	0.0070903287	0.0071581403	4.8646836e-05	
Bh.trap_clav_s_r.Y0        	0.064241552	0.064282152	4.8437729e-05	
Bh.trap_clav_s_r.DT0       	0.36441858	0.36447399	4.8371365e-05	
Bh.trap_clav_s_r.Y1        	0.056566505	0.056544669	4.816711e-05	
Bh.lev_scap_r.Y0           	0.22213704	0.22222138	4.8209185e-05	
Bh.lev_scap_r.DT0          	0.48352568	0.48351001	4.850872e-05	
Bh.lev_scap_r.Y1           	0.047229484	0.047274036	4.8258146e-05	
Bh.delt_clav_a_r.Y0        	0.12381626	0.12376283	4.8530477e-05	
Bh.delt_clav_a_r.DT0       	0.24381674	0.24376392	4.8582199e-05	
Bh.delt_clav_a_r.Y1        	0.057209456	0.057195572	4.8094094e-05	
Bh.delt_scap_p_r.Y0        	0.078881669	0.078950274	4.8172267e-05	
Bh.delt_scap_p_r.DT0       	0.23035301	0.23040552	4.8406428e-05	
Bh.delt_scap_p_r.Y1        	0.39807936	0.39811802	4.9087003e-05	
Bh.delt_scap_m_r.Y0        	0.11385207	0.11388068	4.8151844e-05	
Bh.delt_scap_m_r.DT0       	0.41804161	0.41800706	4.8319262e-05	
Bh.delt_scap_m_r.Y1        	0.10785812	0.10773027	4.7677735e-05	
Bh.lat_dors_m_r.Y0         	0.4604101	0.46038158	4.859591e-05	
Bh.lat_dors_m_r.DT0        	0.37951161	0.3795334	4.8492527e-05	
Bh.lat_dors_m_r.Y1         	0.22040093	0.2204189	4.8490365e-05	
Bh.lat_dors_i_r.Y0         	0.11224701	0.11227979	4.8497191e-05	
Bh.lat_dors_i_r.DT0        	0.41869924	0.41870598	4.8300851e-05	
Bh.lat_dors_i_r.Y1         	0.14338192	0.14334692	4.8348141e-05	
Bh.pect_maj_clav_s_r.Y0    	0.21004384	0.21014023	4.8376631e-05	
Bh.pect_maj_clav_s_r.DT0   	0.17155124	0.17153772	4.8403224e-05	
Bh.pect_maj_clav_s_r.Y1    	0.05044894	0.050515463	4.8193243e-05	
Bh.pect_maj_thorax_i_r.Y0  	0.031944591	0.031949534	4.81759e-05	
Bh.pect_maj_thorax_i_r.DT0 	0.80124065	0.801179	4.8640923e-05	
Bh.pect_maj_thorax_i_r.Y1  	0.0054817699	0.0054302588	4.858121e-05	
Bh.pect_maj_thorax_m_r.Y0  	0.078694352	0.078712395	4.8358774e-05	
Bh.pect_maj_thorax_m_r.DT0 	0.52411463	0.52411181	4.8310443e-05	
Bh.pect_maj_thorax_m_r.Y1  	0.40529777	0.40521501	4.7979935e-05	
Bh.teres_maj_r.Y0          	0.63680237	0.63679082	4.8441016e-05	
Bh.teres_maj_r.DT0         	0.71800062	0.71801976	4.8406854e-05	
Bh.teres_maj_r.Y1          	0.085604166	0.085577664	4.8350415e-05	
Bh.infraspi_i_r.Y0         	0.39812935	0.39808771	4.8335359e-05	
Bh.infraspi_i_r.DT0        	0.18042012	0.18033565	4.8275964e-05	
Bh.infraspi_i_r.Y1         	0.0041786445	0.0041298827	4.8048288e-05	
Bh.infraspi_s_r.Y0         	0.0072744716	0.007297897	4.8289837e-05	
Bh.infraspi_s_r.DT0        	0.63840579	0.63842377	4.8456434e-05	
Bh.infraspi_s_r.Y1         	0.0067120475	0.0068404917	4.7961014e-05	
Bh.teres_min_r.Y0          	0.46985517	0.46989924	4.8487992e-05	
Bh.teres_min_r.DT0         	0.65907379	0.65906757	4.8508823e-05	
Bh.teres_min_r.Y1          	0.082974257	0.082935722	4.8234302e-05	
Bh.subscap_s_r.Y0          	0.08259238	0.082671049	4.8491655e-05	
Bh.subscap_s_r.DT0         	0.58133417	0.58127614	4.8444928e-05	
Bh.subscap_s_r.Y1          	0.41507755	0.41509745	4.8433228e-05	
Bh.subscap_i_r.Y0          	0.32648055	0.32639802	4.8512107e-05	
Bh.subscap_i_r.DT0         	0.75964582	0.75965514	4.85453e-05	
Bh.subscap_i_r.Y1          	0.010563545	0.010578221	4.8156172e-05	
Bh.supraspi_r.Y0           	0.22017499	0.22013672	4.8585739e-05	
Bh.supraspi_r.DT0          	0.46878452	0.46878032	4.8208628e-05	
Bh.supraspi_r.Y1           	0.12783305	0.12778258	4.848597e-05	
Bh.tri_long_r.Y0           	0.16575163	0.16576721	4.812218e-05	
Bh.tri_long_r.DT0          	0.45768779	0.45773447	4.8448834e-05	
Bh.tri_long_r.Y1           	0.042615418	0.042646232	4.8016637e-05	
Bh.tri_lat_r.Y0            	0.04034517	0.040337805	4.7960724e-05	
Bh.tri_lat_r.DT0           	0.70101318	0.70107738	4.8257803e-05	
Bh.tri_lat_r.Y1            	0.065141378	0.065035181	4.8184138e-05	
Bh.coracobrach_r.Y0        	0.34070064	0.34066906	4.821705e-05	
Bh.coracobrach_r.DT0       	0.57776988	0.57777991	4.8290034e-05	
Bh.coracobrach_r.Y1        	0.029512165	0.029610592	4.8095971e-05	
Bh.bic_long_r.Y0           	0.081064215	0.081049688	4.8337673e-05	
Bh.bic_long_r.DT0          	0.74653667	0.74662455	4.8303883e-05	
Bh.bic_long_r.Y1           	0.24834154	0.24838197	4.8134123e-05	
Bh.bic_brev_r.Y0           	0.30748071	0.3075458	4.8356804e-05	
Bh.bic_brev_r.DT0          	0.31217692	0.31217577	4.8469758e-05	
Bh.bic_brev_r.Y1           	0.025189973	0.025261975	4.8041209e-05	
Bh.brach_r.Y0              	0.38473279	0.38474219	4.8361672e-05	
Bh.brach_r.DT0             	0.73389632	0.73391026	4.8359703e-05	
Bh.brach_r.Y1              	0.12752321	0.12748628	4.8197459e-05	
Bh.brachiorad_r.Y0         	0.31598323	0.31593874	4.8734041e-05	
Bh.brachiorad_r.DT0        	0.16170779	0.16170523	4.8352317e-05	
Bh.brachiorad_r.Y1         	0.022650594	0.022575106	4.8024887e-05	
Bh.supinator_r.Y0          	0.11172834	0.11178972	4.8249755e-05	
Bh.supinator_r.DT0         	0.40736097	0.40737204	4.8370545e-05	
Bh.supinator_r.Y1          	0.014055004	0.013981876	4.8383237e-05	
Bh.pronator_teres_r.Y0     	0.25165035	0.25165928	4.8468477e-05	
Bh.pronator_teres_r.DT0    	0.52317456	0.52317349	4.8566003e-05	
Bh.pronator_teres_r.Y1     	0.23883566	0.23882718	4.8195711e-05	
Bh.ext_carpi_rad_long_r.Y0 	0.071178797	0.071096322	0.00013088642	
Bh.ext_carpi_rad_long_r.DT0	0.33339531	0.33345692	0.00013086245	
Bh.ext_carpi_rad_long_r.Y1 	0.033183543	0.033107033	0.00013016144	
Bh.ext_carpi_rad_brev_r.Y0 	0.45152267	0.45141891	4.8208836e-05	
Bh.ext_carpi_rad_brev_r.DT0	0.75542696	0.7554945	4.8273493e-05	
Bh.ext_carpi_rad_brev_r.Y1 	0.021955952	0.021945291	4.8337216e-05	
Bh.ext_carpi_ulna_r.Y0     	0.61662597	0.61656169	4.8229544e-05	
Bh.ext_carpi_ulna_r.DT0    	0.63203823	0.632031	4.820961e-05	
Bh.ext_carpi_ulna_r.Y1     	0.068735726	0.068689725	4.8643004e-05	
Bh.flex_carpi_rad_r.Y0     	0.16910414	0.16896923	4.8297001e-05	
Bh.flex_carpi_rad_r.DT0    	0.55995894	0.55997259	4.8383901e-05	
Bh.flex_carpi_rad_r.Y1     	0.3180321	0.3180594	4.8494302e-05	
Bh.flex_carpi_ulna_r.Y0    	0.12381168	0.12383936	4.867995e-05	
Bh.flex_carpi_ulna_r.DT0   	0.16881792	0.16885967	4.8201838e-05	
Bh.flex_carpi_ulna_r.Y1    	0.16584421	0.16585498	4.8287112e-05	
Bh.trap_scap_m_l.Y0        	0.12306024	0.12190787	0.00082158019	
Bh.trap_scap_m_l.DT0       	0.27579806	0.27679176	0.00082232967	
Bh.trap_scap_m_l.Y1        	0.0014294062	0.0004759704	0.00082059764	
Bh.trap_scap_s_l.Y0        	0.012304981	0.013740884	0.00082255948	
Bh.trap_scap_s_l.DT0       	0.4103913	0.41049644	0.00082164857	
Bh.trap_scap_s_l.Y1        	0.0042086649	0.0050185558	0.00081985295	
Bh.trap_scap_i_l.Y0        	0.071531487	0.072391359	0.00082175852	
Bh.trap_scap_i_l.DT0       	0.43592841	0.43690781	0.00082239762	
Bh.trap_scap_i_l.Y1        	0.0025170212	0.0023304745	0.00082349994	
Bh.ser_ant_i_l.Y0          	0.0099429252	0.0099700667	0.00082136492	
Bh.ser_ant_i_l.DT0         	0.34358801	0.34380692	0.0008232295	
Bh.ser_ant_i_l.Y1          	0.030535631	0.030797217	0.00082185828	
Bh.ser_ant_m_l.Y0          	0.080045734	0.080026336	0.00082241186	
Bh.ser_ant_m_l.DT0         	0.13486533	0.13426909	0.00082405751	
Bh.ser_ant_m_l.Y1          	0.0069029545	0.0073313926	0.00082439913	
Bh.ser_ant_s_l.Y0          	0.066419204	0.067236611	0.00082230114	
Bh.ser_ant_s_l.DT0         	0.35583391	0.3556299	0.00082164496	
Bh.ser_ant_s_l.Y1          	0.010436884	0.010688617	0.00082225481	
Bh.rhom_s_l.Y0             	0.029522257	0.028133304	0.00082459127	
Bh.rhom_s_l.DT0            	0.24590223	0.24622077	0.00082269535	
Bh.rhom_s_l.Y1             	0.020696038	0.020101051	0.00082158407	
Bh.rhom_i_l.Y0             	0.077125667	0.077797442	0.00082256026	
Bh.rhom_i_l.DT0            	0.48870851	0.49001416	0.00082179095	
Bh.rhom_i_l.Y1             	0.0054984788	0.0048428593	0.00082041193	
Bh.pect_min_l.Y0           	0.11424271	0.11352642	0.00082287515	
Bh.pect_min_l.DT0          	0.29946092	0.29935564	0.00082437605	
Bh.pect_min_l.Y1           	0.0032421156	0.004843853	0.00082214762	
Bh.trap_clav_s_l.Y0        	0.016906265	0.016915149	0.00082158509	
Bh.trap_clav_s_l.DT0       	0.5050518	0.50580401	0.00082196942	
Bh.trap_clav_s_l.Y1        	0.081218318	0.082020557	0.00082283274	
Bh.lev_scap_l.Y0           	0.19958217	0.19917712	0.00082390962	
Bh.lev_scap_l.DT0          	0.35571354	0.35470306	0.00082258643	
Bh.lev_scap_l.Y1           	0.034644321	0.034513528	0.00082156554	
Bh.delt_clav_a_l.Y0        	0.04968999	0.050755161	0.00082264899	
Bh.delt_clav_a_l.DT0       	0.25182417	0.25099786	0.00082479119	
Bh.delt_clav_a_l.Y1        	0.022300386	0.021894198	0.00082207008	
Bh.delt_scap_p_l.Y0        	0.019543386	0.02023315	0.00082213437	
Bh.delt_scap_p_l.DT0       	0.32057518	0.32102007	0.00082300746	
Bh.delt_scap_p_l.Y1        	0.007243464	0.0090372942	0.00081861924	
Bh.delt_scap_m_l.Y0        	0.068844177	0.069104223	0.00082279492	
Bh.delt_scap_m_l.DT0       	0.37136505	0.37114285	0.00082155894	
Bh.delt_scap_m_l.Y1        	0.00013833153	3.0320341e-05	0.00082001368	
Bh.lat_dors_m_l.Y0         	0.15430713	0.15425785	0.00082366677	
Bh.lat_dors_m_l.DT0        	0.42667545	0.42640082	0.00082200131	
Bh.lat_dors_m_l.Y1         	0.0019787148	0.00024367716	0.00082276469	
Bh.lat_dors_i_l.Y0         	0.09430297	0.094784705	0.00082223249	
Bh.lat_dors_i_l.DT0        	0.5021007	0.50323904	0.00082202113	
Bh.lat_dors_i_l.Y1         	0.0042386072	0.0025094161	0.00082162413	
Bh.pect_maj_clav_s_l.Y0    	0.13821876	0.13777096	0.00082241528	
Bh.pect_maj_clav_s_l.DT0   	0.26825585	0.27009389	0.00082392974	
Bh.pect_maj_clav_s_l.Y1    	0.015539112	0.015671764	0.00082158696	
Bh.pect_maj_thorax_i_l.Y0  	0.22150749	0.22176977	0.00082211682	
Bh.pect_maj_thorax_i_l.DT0 	0.12521798	0.12565791	0.00082377542	
Bh.pect_maj_thorax_i_l.Y1  	0.025902875	0.027320878	0.00082290246	
Bh.pect_maj_thorax_m_l.Y0  	0.068033592	0.069146527	0.00082142657	
Bh.pect_maj_thorax_m_l.DT0 	0.32308996	0.32416235	0.00082427535	
Bh.pect_maj_thorax_m_l.Y1  	0.0099153892	0.010565552	0.00082267028	
Bh.teres_maj_l.Y0          	0.052953894	0.054557518	0.00082214591	
Bh.teres_maj_l.DT0         	0.3820418	0.38398784	0.00082309798	
Bh.teres_maj_l.Y1          	0.0017697911	0.0012132025	0.0008199056	
Bh.infraspi_i_l.Y0         	0.076677672	0.076901251	0.00082188292	
Bh.infraspi_i_l.DT0        	0.35324836	0.35359112	0.00082335867	
Bh.infraspi_i_l.Y1         	0.028479034	0.028647563	0.00082664488	
Bh.infraspi_s_l.Y0         	0.01948585	0.019458633	0.00082207878	
Bh.infraspi_s_l.DT0        	0.46481832	0.46401354	0.00082474369	
Bh.infraspi_s_l.Y1         	0.016069235	0.015169412	0.0008221641	
Bh.teres_min_l.Y0          	0.1270388	0.12545882	0.00082236087	
Bh.teres_min_l.DT0         	0.54940255	0.55023099	0.00082191584	
Bh.teres_min_l.Y1          	0.0083286368	0.0084702062	0.00082216962	
Bh.subscap_s_l.Y0          	0.003871131	0.0031171587	0.00082169271	
Bh.subscap_s_l.DT0         	0.48121003	0.48159017	0.00082332768	
Bh.subscap_s_l.Y1          	0.0079603469	0.010045353	0.00082072386	
Bh.subscap_i_l.Y0          	0.043172061	0.043447764	0.00082112826	
Bh.subscap_i_l.DT0         	0.49133884	0.49100734	0.0008214689	
Bh.subscap_i_l.Y1          	0.00073516947	0.00054378754	0.00082050754	
Bh.supraspi_l.Y0           	0.04838569	0.049632955	0.00082168633	
Bh.supraspi_l.DT0          	0.44569945	0.44479242	0.00082469511	
Bh.supraspi_l.Y1           	0.014950014	0.013552248	0.00082117994	
Bh.tri_long_l.Y0           	0.088696689	0.088818197	0.00082233935	
Bh.tri_long_l.DT0          	0.57079524	0.57036904	0.00082306041	
Bh.tri_long_l.Y1           	0.0064515675	0.0075945685	0.0008199726	
Bh.tri_lat_l.Y0            	0.060922572	0.061073913	0.00082153233	
Bh.tri_lat_l.DT0           	0.35265659	0.35418315	0.00082214613	
Bh.tri_lat_l.Y1            	0.00024027977	0.00055404027	0.00082022129	
Bh.coracobrach_l.Y0        	0.16090962	0.16181168	0.00082430283	
Bh.coracobrach_l.DT0       	0.43844496	0.43938961	0.00082214088	
Bh.coracobrach_l.Y1        	0.0008933352	0.00023063979	0.00082099325	
Bh.bic_long_l.Y0           	0.066431828	0.065987999	0.0008221755	
Bh.bic_long_l.DT0          	0.25060298	0.25153121	0.00082211755	
Bh.bic_long_l.Y1           	0.015648764	0.015524592	0.00081998859	
Bh.bic_brev_l.Y0           	0.036703089	0.037822298	0.00082163088	
Bh.bic_brev_l.DT0          	0.51985682	0.520228	0.00082301874	
Bh.bic_brev_l.Y1           	0.011601025	0.011941722	0.00082299701	
Bh.brach_l.Y0              	0.1416007	0.14173573	0.0008219519	
Bh.brach_l.DT0             	0.43529931	0.434382	0.00082395057	
Bh.brach_l.Y1              	0.0019249698	0.0017444381	0.00082002406	
Bh.brachiorad_l.Y0         	0.0063566824	0.0072222236	0.00082302426	
Bh.brachiorad_l.DT0        	0.35773701	0.35715988	0.00082223197	
Bh.brachiorad_l.Y1         	0.012566823	0.012335953	0.00082014474	
Bh.supinator_l.Y0          	0.065666969	0.065771397	0.00082157321	
Bh.supinator_l.DT0         	0.39254002	0.39268417	0.00082299201	
Bh.supinator_l.Y1          	0.0020657724	0.0017503305	0.00082226788	
Bh.pronator_teres_l.Y0     	0.08401163	0.085226922	0.00082098152	
Bh.pronator_teres_l.DT0    	0.47083449	0.47139476	0.0008222265	
Bh.pronator_teres_l.Y1     	0.016005933	0.01598354	0.00082141884	
Bh.ext_carpi_rad_long_l.Y0 	0.051661383	0.051256961	0.00082278109	
Bh.ext_carpi_rad_long_l.DT0	0.61042074	0.60930485	0.00082396263	
Bh.ext_carpi_rad_long_l.Y1 	0.015409069	0.014133289	0.00082114781	
Bh.ext_carpi_rad_brev_l.Y0 	0.0019933899	0.0013477179	0.00082393182	
Bh.ext_carpi_rad_brev_l.DT0	0.53159257	0.53054822	0.00082336403	
Bh.ext_carpi_rad_brev_l.Y1 	0.0015303097	0.0028575535	0.00082344557	
Bh.ext_carpi_ulna_l.Y0     	0.069708823	0.07067794	0.00082168168	
Bh.ext_carpi_ulna_l.DT0    	0.53930146	0.53995613	0.00082276839	
Bh.ext_carpi_ulna_l.Y1     	0.0013612476	0.0017567324	0.0008228102	
Bh.flex_carpi_rad_l.Y0     	0.096921571	0.096284102	0.00082330069	
Bh.flex_carpi_rad_l.DT0    	0.29266949	0.2914177	0.00082278527	
Bh.flex_carpi_rad_l.Y1     	0.03566557	0.035338247	0.00082191071	
Bh.flex_carpi_ulna_l.Y0    	0.013991826	0.015121135	0.00082310362	
Bh.flex_carpi_ulna_l.DT0   	0.51557349	0.51407326	0.00082178908	
Bh.flex_carpi_ulna_l.Y1    	0.025322255	0.025525377	0.00082087936	
Bh.long_col_c1thx_r.Y0     	0.098288037	0.09802081	0.00082221917	
Bh.long_col_c1thx_r.DT0    	0.28693815	0.28723134	0.0008232752	
Bh.long_col_c1thx_r.Y1     	0.033607422	0.032812325	0.00082226834	
Bh.long_col_c1thx_l.Y0     	0.060515318	0.06104654	0.00082178077	
Bh.long_col_c1thx_l.DT0    	0.38231008	0.3811057	0.0008213449	
Bh.long_col_c1thx_l.Y1     	0.019680277	0.020287166	0.00082114535	
Sd.ext_obl1_l.Y0           	0.2270529	0.22705942	4.8196326e-05	
Sd.ext_obl1_l.DT0          	0.45587721	0.45584591	4.840837e-05	
Sd.ext_obl1_l.Y1           	0.086888841	0.086894517	4.8359582e-05	
Sd.ext_obl2_l.Y0           	0.17121432	0.17123846	4.8558901e-05	
Sd.ext_obl2_l.DT0          	0.4310795	0.43101705	4.8314512e-05	
Sd.ext_obl2_l.Y1           	0.15921933	0.15929586	4.8468351e-05	
Sd.ext_obl3_l.Y0           	0.36090702	0.36092113	4.8430607e-05	
Sd.ext_obl3_l.DT0          	0.17967281	0.17961466	4.8154721e-05	
Sd.ext_obl3_l.Y1           	0.020920948	0.020913165	4.8019313e-05	
Sd.ext_obl4_l.Y0           	0.25784092	0.25768108	0.00028043936	
Sd.ext_obl4_l.DT0          	0.25889363	0.25883349	0.00013990884	
Sd.ext_obl4_l.Y1           	0.070426304	0.07089652	0.00027818771	
Sd.int_obl1_r.Y0           	0.18515889	0.18512962	4.8561883e-05	
Sd.int_obl1_r.DT0          	0.33036068	0.33039557	4.8606157e-05	
Sd.int_obl1_r.Y1           	0.052605432	0.052664875	4.8422346e-05	
Sd.int_obl2_r.Y0           	0.061408549	0.061442491	4.8144861e-05	
Sd.int_obl2_r.DT0          	0.45304027	0.45304694	4.8465362e-05	
Sd.int_obl2_r.Y1           	0.12375946	0.12374556	4.8510149e-05	
Sd.int_obl3_r.Y0           	0.20405818	0.20398173	4.8258008e-05	
Sd.int_obl3_r.DT0          	0.35855707	0.35866019	4.8457504e-05	
Sd.int_obl3_r.Y1           	0.053920767	0.053848338	4.8678004e-05	
Sd.int_obl4_r.Y0           	0.097742738	0.098056237	0.0002795841	
Sd.int_obl4_r.DT0          	0.40539137	0.40555775	0.00013982613	
Sd.int_obl4_r.Y1           	0.0059219222	0.00582973	0.00027656391	
Sd.rect_abd_r.Y0           	0.17993702	0.18004344	4.8180808e-05	
Sd.rect_abd_r.DT0          	0.15252477	0.15244662	4.8396604e-05	
Sd.rect_abd_r.Y1           	0.013054215	0.013089276	4.7657166e-05	
Sd.quad_lumb_r.Y0          	0.096573771	0.096603228	4.8344747e-05	
Sd.quad_lumb_r.DT0         	0.41487044	0.41484123	4.814076e-05	
Sd.quad_lumb_r.Y1          	0.15786716	0.15781487	4.8348336e-05	
Sd.iliocostalis_il_r.Y0    	0.23261902	0.23258837	4.834834e-05	
Sd.iliocostalis_il_r.DT0   	0.28947438	0.28954177	4.8462617e-05	
Sd.iliocostalis_il_r.Y1    	0.13074023	0.13067829	4.8447969e-05	
Sd.iliocostalis_ic_r.Y0    	0.45301226	0.45301675	4.8417686e-05	
Sd.iliocostalis_ic_r.DT0   	0.3108093	0.31082921	4.8209079e-05	
Sd.iliocostalis_ic_r.Y1    	0.22744493	0.22745902	4.8804251e-05	
Sd.longissimus_slt_r.Y0    	0.046052354	0.046037017	4.841871e-05	
Sd.longissimus_slt_r.DT0   	0.17009931	0.1701216	4.81155e-05	
Sd.longissimus_slt_r.Y1    	0.15881726	0.15891761	4.8153723e-05	
Sd.spinalis_t_r.Y0         	0.15310908	0.15317444	4.8424284e-05	
Sd.spinalis_t_r.DT0        	0.47685985	0.47685802	4.8298975e-05	
Sd.spinalis_t_r.Y1         	0.11671142	0.11672286	4.8449853e-05	
Sd.ext_obl1_r.Y0           	0.23643566	0.23638785	4.8163786e-05	
Sd.ext_obl1_r.DT0          	0.3919866	0.39200484	4.8188067e-05	
Sd.ext_obl1_r.Y1           	0.00018421085	0.00021623153	4.849255e-05	
Sd.ext_obl2_r.Y0           	0.50996811	0.50990664	4.8385816e-05	
Sd.ext_obl2_r.DT0          	0.67425634	0.67433832	4.8431217e-05	
Sd.ext_obl2_r.Y1           	0.057139776	0.057080757	4.8327455e-05	
Sd.ext_obl3_r.Y0           	0.0019115557	0.00195294	4.8217118e-05	
Sd.ext_obl3_r.DT0          	0.33142155	0.33144528	4.8339532e-05	
Sd.ext_obl3_r.Y1           	0.22165737	0.22163933	4.8532451e-05	
Sd.ext_obl4_r.Y0           	0.0561489	0.056090139	0.00027813931	
Sd.ext_obl4_r.DT0          	0.35768811	0.35760873	0.00014015094	
Sd.ext_obl4_r.Y1           	0.097033191	0.097412992	0.00027979371	
Sd.int_obl1_l.Y0           	0.090543816	0.090534638	4.8268367e-05	
Sd.int_obl1_l.DT0          	0.13679995	0.13681394	4.8487738e-05	
Sd.int_obl1_l.Y1           	0.055098209	0.055181425	4.8347171e-05	
Sd.int_obl2_l.Y0           	0.0062611934	0.0063224121	4.820558e-05	
Sd.int_obl2_l.DT0          	0.46773006	0.46769296	4.8683057e-05	
Sd.int_obl2_l.Y1           	0.040550761	0.040544546	4.8012569e-05	
Sd.int_obl3_l.Y0           	0.23062987	0.23064187	4.836031e-05	
Sd.int_obl3_l.DT0          	0.45647289	0.45642405	4.8484821e-05	
Sd.int_obl3_l.Y1           	0.09348876	0.093470289	4.8535239e-05	
Sd.int_obl4_l.Y0           	0.033047322	0.032488281	0.00028094399	
Sd.int_obl4_l.DT0          	0.50492435	0.50492227	0.00014013781	
Sd.int_obl4_l.Y1           	0.020013684	0.020580929	0.00027920642	
Sd.rect_abd_l.Y0           	0.33538226	0.33538795	4.8485309e-05	
Sd.rect_abd_l.DT0          	0.44077847	0.44079016	4.8197431e-05	
Sd.rect_abd_l.Y1           	0.049509389	0.04952338	4.8167524e-05	
Sd.quad_lumb_l.Y0          	0.26840606	0.26841186	4.8241765e-05	
Sd.quad_lumb_l.DT0         	0.26013676	0.26010567	4.8445139e-05	
Sd.quad_lumb_l.Y1          	0.037607908	0.037651128	4.8080706e-05	
Sd.iliocostalis_il_l.Y0    	0.37605316	0.37597042	4.8234646e-05	
Sd.iliocostalis_il_l.DT0   	0.48204367	0.4820582	4.8339832e-05	
Sd.iliocostalis_il_l.Y1    	0.027472697	0.027479611	4.8360475e-05	
Sd.iliocostalis_ic_l.Y0    	0.36458167	0.3644939	4.8743644e-05	
Sd.iliocostalis_ic_l.DT0   	0.10983289	0.10990872	4.8225693e-05	
Sd.iliocostalis_ic_l.Y1    	0.061174978	0.061175956	4.8332223e-05	
Sd.longissimus_slt_l.Y0    	0.14341944	0.14348598	4.8529009e-05	
Sd.longissimus_slt_l.DT0   	0.42371429	0.42366903	4.8515502e-05	
Sd.longissimus_slt_l.Y1    	0.1363826	0.13632433	4.8051482e-05	
Sd.spinalis_t_l.Y0         	0.12870867	0.12868925	4.8447689e-05	
Sd.spinalis_t_l.DT0        	0.56517548	0.56519621	4.8392689e-05	
Sd.spinalis_t_l.Y1         	0.1307211	0.13076136	4.8487879e-05	
Sd.trap_scap_m_r.Y0        	0.078331155	0.07839456	4.8335631e-05	
Sd.trap_scap_m_r.DT0       	0.53331198	0.53328621	4.8476612e-05	
Sd.trap_scap_m_r.Y1        	0.1501504	0.15006317	4.8333941e-05	
Sd.trap_scap_s_r.Y0        	0.2304382	0.23038106	4.8387986e-05	
Sd.trap_scap_s_r.DT0       	0.80984473	0.80984541	4.8549911e-05	
Sd.trap_scap_s_r.Y1        	0.20684354	0.20687885	4.8648751e-05	
Sd.trap_scap_i_r.Y0        	0.13490893	0.13489988	4.8590492e-05	
Sd.trap_scap_i_r.DT0       	0.76650296	0.76650674	4.8318267e-05	
Sd.trap_scap_i_r.Y1        	0.031666846	0.031647184	4.8202045e-05	
Sd.ser_ant_i_r.Y0          	0.19912189	0.1990975	4.8658567e-05	
Sd.ser_ant_i_r.DT0         	0.35300229	0.35301899	4.837447e-05	
Sd.ser_ant_i_r.Y1          	0.23562733	0.23561555	4.8624095e-05	
Sd.ser_ant_m_r.Y0          	0.17781939	0.17787413	4.8242499e-05	
Sd.ser_ant_m_r.DT0         	0.32262285	0.32264631	4.8175033e-05	
Sd.ser_ant_m_r.Y1          	0.32418137	0.32416185	4.8454294e-05	
Sd.ser_ant_s_r.Y0          	0.18730905	0.18726424	4.8307453e-05	
Sd.ser_ant_s_r.DT0         	0.57599632	0.57602463	4.8239527e-05	
Sd.ser_ant_s_r.Y1          	0.026659635	0.026702354	4.8613651e-05	
Sd.rhom_s_r.Y0             	0.43353137	0.43350307	4.8143789e-05	
Sd.rhom_s_r.DT0            	0.67939055	0.67946027	4.8384893e-05	
Sd.rhom_s_r.Y1             	0.023673849	0.023640683	4.840217e-05	
Sd.rhom_i_r.Y0             	0.16721625	0.16723005	4.8343565e-05	
Sd.rhom_i_r.DT0            	0.27306659	0.27302109	4.8282756e-05	
Sd.rhom_i_r.Y1             	0.021737044	0.021761397	4.8042374e-05	
Sd.pect_min_r.Y0           	0.25482164	0.2548292	4.8723499e-05	
Sd.pect_min_r.DT0          	0.5810668	0.580978	4.8294822e-05	
Sd.pect_min_r.Y1           	0.033824141	0.033799399	4.8349071e-05	
Sd.trap_clav_s_r.Y0        	0.3035151	0.30352518	4.829225e-05	
Sd.trap_clav_s_r.DT0       	0.34349023	0.34338872	4.8307508e-05	
Sd.trap_clav_s_r.Y1        	0.031839104	0.031825192	4.832992e-05	
Sd.lev_scap_r.Y0           	0.058943005	0.058900696	4.8192805e-05	
Sd.lev_scap_r.DT0          	0.5281538	0.5281011	4.850323e-05	
Sd.lev_scap_r.Y1           	0.10554772	0.10561071	4.8563421e-05	
Sd.delt_clav_a_r.Y0        	0.038485812	0.038482135	4.8177217e-05	
Sd.delt_clav_a_r.DT0       	0.45397665	0.45395897	4.8180686e-05	
Sd.delt_clav_a_r.Y1        	0.25769881	0.25765185	4.821442e-05	
Sd.delt_scap_p_r.Y0        	0.23029323	0.2302425	4.8626016e-05	
Sd.delt_scap_p_r.DT0       	0.26459001	0.26459014	4.8686499e-05	
Sd.delt_scap_p_r.Y1        	0.25022668	0.25032211	4.8004482e-05	
Sd.delt_scap_m_r.Y0        	0.49363103	0.49353044	4.8393026e-05	
Sd.delt_scap_m_r.DT0       	0.28899019	0.28902842	4.8304613e-05	
Sd.delt_scap_m_r.Y1        	0.58222473	0.58227152	4.9224442e-05	
Sd.lat_dors_m_r.Y0         	0.050486126	0.050486744	4.8269922e-05	
Sd.lat_dors_m_r.DT0        	0.62369154	0.62376123	4.8473191e-05	
Sd.lat_dors_m_r.Y1         	0.015150751	0.015119599	4.7996343e-05	
Sd.lat_dors_i_r.Y0         	0.10556229	0.10560139	4.8661034e-05	
Sd.lat_dors_i_r.DT0        	0.5119593	0.51189789	4.8451864e-05	
Sd.lat_dors_i_r.Y1         	0.006748819	0.0067109704	4.7924369e-05	
Sd.pect_maj_clav_s_r.Y0    	0.031670496	0.031656127	4.8309597e-05	
Sd.pect_maj_clav_s_r.DT0   	0.40749131	0.40744428	4.8167435e-05	
Sd.pect_maj_clav_s_r.Y1    	0.0060009931	0.0059415977	4.8035001e-05	
Sd.pect_maj_thorax_i_r.Y0  	0.017782395	0.017763415	4.8341843e-05	
Sd.pect_maj_thorax_i_r.DT0 	0.57047801	0.57039672	4.8184333e-05	
Sd.pect_maj_thorax_i_r.Y1  	0.049939269	0.049971822	4.8074422e-05	
Sd.pect_maj_thorax_m_r.Y0  	0.10741665	0.10740293	4.8391901e-05	
Sd.pect_maj_thorax_m_r.DT0 	0.35288832	0.35292011	4.8441166e-05	
Sd.pect_maj_thorax_m_r.Y1  	0.010332046	0.01032536	4.8068238e-05	
Sd.teres_maj_r.Y0          	0.04485081	0.044820479	4.8525847e-05	
Sd.teres_maj_r.DT0         	0.4519531	0.45200295	4.8413768e-05	
Sd.teres_maj_r.Y1          	0.017185548	0.017156009	4.8315153e-05	
Sd.infraspi_i_r.Y0         	0.095412737	0.095346929	4.8696843e-05	
Sd.infraspi_i_r.DT0        	0.11352879	0.11351727	4.836599e-05	
Sd.infraspi_i_r.Y1         	0.0097882281	0.0097547031	4.8143373e-05	
Sd.infraspi_s_r.Y0         	0.18814106	0.1882104	4.8308963e-05	
Sd.infraspi_s_r.DT0        	0.49082026	0.49076225	4.835884e-05	
Sd.infraspi_s_r.Y1         	0.043526549	0.043523979	4.8220525e-05	
Sd.teres_min_r.Y0          	0.15387358	0.15387421	4.850814e-05	
Sd.teres_min_r.DT0         	0.37264251	0.37267573	4.8330627e-05	
Sd.teres_min_r.Y1          	0.023022083	0.02307238	4.8622947e-05	
Sd.subscap_s_r.Y0          	0.030736555	0.030639239	4.8376955e-05	
Sd.subscap_s_r.DT0         	0.23306521	0.23302055	4.8627302e-05	
Sd.subscap_s_r.Y1          	0.012727608	0.012701312	4.7951813e-05	
Sd.subscap_i_r.Y0          	0.24711811	0.24713584	4.835412e-05	
Sd.subscap_i_r.DT0         	0.77386311	0.77392007	4.8199118e-05	
Sd.subscap_i_r.Y1          	0.21829836	0.21830494	4.8654143e-05	
Sd.supraspi_r.Y0           	0.065141077	0.065138141	4.825825e-05	
Sd.supraspi_r.DT0          	0.43456186	0.43458564	4.8583435e-05	
Sd.supraspi_r.Y1           	0.27041261	0.27050652	4.8442355e-05	
Sd.tri_long_r.Y0           	0.16046508	0.16045358	4.8597744e-05	
Sd.tri_long_r.DT0          	0.22433822	0.22437119	4.8342503e-05	
Sd.tri_long_r.Y1           	0.1289184	0.12897877	4.8222973e-05	
Sd.tri_lat_r.Y0            	0.061143313	0.061144627	4.812746e-05	
Sd.tri_lat_r.DT0           	0.46095565	0.46089971	4.842626e-05	
Sd.tri_lat_r.Y1            	0.19067112	0.19058285	4.8352793e-05	
Sd.coracobrach_r.Y0        	0.037462211	0.037467539	4.8395439e-05	
Sd.coracobrach_r.DT0       	0.64473562	0.64470264	4.830419e-05	
Sd.coracobrach_r.Y1        	0.0079951652	0.0078856172	4.8294375e-05	
Sd.bic_long_r.Y0           	0.03609848	0.036059254	4.815129e-05	
Sd.bic_long_r.DT0          	0.45083428	0.45081769	4.8626682e-05	
Sd.bic_long_r.Y1           	0.11873828	0.1186847	4.8396616e-05	
Sd.bic_brev_r.Y0           	0.0046349665	0.004731861	4.7823536e-05	
Sd.bic_brev_r.DT0          	0.63576856	0.63577099	4.8465645e-05	
Sd.bic_brev_r.Y1           	0.004364922	0.0044199148	4.8259977e-05	
Sd.brach_r.Y0              	0.10029072	0.10031723	4.8383052e-05	
Sd.brach_r.DT0             	0.17571699	0.17572527	4.8470387e-05	
Sd.brach_r.Y1              	0.00057151949	0.00064273333	4.7675315e-05	
Sd.brachiorad_r.Y0         	0.26304699	0.2631054	4.8197808e-05	
Sd.brachiorad_r.DT0        	0.29114352	0.29115738	4.8351374e-05	
Sd.brachiorad_r.Y1         	0.065607282	0.065602626	4.8376654e-05	
Sd.supinator_r.Y0          	0.32073106	0.32078589	4.8454143e-05	
Sd.supinator_r.DT0         	0.51012933	0.51011385	4.8173927e-05	
Sd.supinator_r.Y1          	0.097222543	0.097142766	4.851618e-05	
Sd.pronator_teres_r.Y0     	0.023986938	0.024007985	4.836915e-05	
Sd.pronator_teres_r.DT0    	0.9267216	0.9266518	4.8416593e-05	
Sd.pronator_teres_r.Y1     	0.085948935	0.085973614	4.8639716e-05	
Sd.ext_carpi_rad_long_r.Y0 	0.31684193	0.31647183	0.00013073615	
Sd.ext_carpi_rad_long_r.DT0	0.18743573	0.18753804	0.00013068653	
Sd.ext_carpi_rad_long_r.Y1 	0.085827027	0.085880668	0.0001307943	
Sd.ext_carpi_rad_brev_r.Y0 	0.058270155	0.058317517	4.8340021e-05	
Sd.ext_carpi_rad_brev_r.DT0	0.27109818	0.27112068	4.8379396e-05	
Sd.ext_carpi_rad_brev_r.Y1 	0.070821049	0.070820775	4.8109421e-05	
Sd.ext_carpi_ulna_r.Y0     	0.44545208	0.44542543	4.814034e-05	
Sd.ext_carpi_ulna_r.DT0    	0.16658909	0.16658035	4.8159116e-05	
Sd.ext_carpi_ulna_r.Y1     	0.22001144	0.22003479	4.8150866e-05	
Sd.flex_carpi_rad_r.Y0     	0.093650906	0.093584089	4.8327466e-05	
Sd.flex_carpi_rad_r.DT0    	0.53368917	0.53364956	4.8351268e-05	
Sd.flex_carpi_rad_r.Y1     	0.020687178	0.020703198	4.7787077e-05	
Sd.flex_carpi_ulna_r.Y0    	0.16799211	0.16799057	4.830112e-05	
Sd.flex_carpi_ulna_r.DT0   	0.55602717	0.55605298	4.837757e-05	
Sd.flex_carpi_ulna_r.Y1    	0.040527202	0.040510634	4.7984221e-05	
Sd.trap_scap_m_l.Y0        	0.10534433	0.10545086	0.00082230993	
Sd.trap_scap_m_l.DT0       	0.32476884	0.32418669	0.00082234574	
Sd.trap_scap_m_l.Y1        	0.0045801028	0.0047131446	0.00082145051	
Sd.trap_scap_s_l.Y0        	0.018762658	0.019692528	0.00082130823	
Sd.trap_scap_s_l.DT0       	0.41892866	0.41829305	0.00082442406	
Sd.trap_scap_s_l.Y1        	0.0010591064	0.00041539808	0.00081976455	
Sd.trap_scap_i_l.Y0        	0.065468307	0.067663882	0.00082241065	
Sd.trap_scap_i_l.DT0       	0.40270101	0.40320193	0.00082150741	
Sd.trap_scap_i_l.Y1        	0.041584934	0.04101906	0.00082436721	
Sd.ser_ant_i_l.Y0          	0.091939901	0.091495954	0.00082308437	
Sd.ser_ant_i_l.DT0         	0.40661784	0.40672247	0.00082172753	
Sd.ser_ant_i_l.Y1          	0.045575095	0.044642016	0.00082361924	
Sd.ser_ant_m_l.Y0          	0.04481702	0.044836181	0.0008212773	
Sd.ser_ant_m_l.DT0         	0.36898823	0.36837595	0.00082192844	
Sd.ser_ant_m_l.Y1          	0.010241453	0.010675342	0.0008215035	
Sd.ser_ant_s_l.Y0          	0.032375471	0.033058516	0.00082218011	
Sd.ser_ant_s_l.DT0         	0.37862094	0.37794137	0.00082341118	
Sd.ser_ant_s_l.Y1          	0.005944323	0.0067601707	0.00082197339	
Sd.rhom_s_l.Y0             	0.034350707	0.034336733	0.00082182317	
Sd.rhom_s_l.DT0            	0.32577988	0.32711871	0.00082251574	
Sd.rhom_s_l.Y1             	0.0010290078	0.0023136153	0.0008204933	
Sd.rhom_i_l.Y0             	0.0087818921	0.0078737593	0.00082120308	
Sd.rhom_i_l.DT0            	0.18020977	0.18117682	0.00082291676	
Sd.rhom_i_l.Y1             	0.0023863325	0.0022315289	0.00082078728	
Sd.pect_min_l.Y0           	0.045682379	0.046236947	0.00082239993	
Sd.pect_min_l.DT0          	0.49220508	0.49315594	0.00082209516	
Sd.pect_min_l.Y1           	0.030594386	0.029901572	0.00082164082	
Sd.trap_clav_s_l.Y0        	0.055939644	0.056516988	0.00082142023	
Sd.trap_clav_s_l.DT0       	0.4029822	0.4019182	0.00082247033	
Sd.trap_clav_s_l.Y1        	0.051453363	0.050075526	0.00082124987	
Sd.lev_scap_l.Y0           	0.030028541	0.030022163	0.00082231834	
Sd.lev_scap_l.DT0          	0.43497983	0.43555185	0.00082572526	
Sd.lev_scap_l.Y1           	0.11346571	0.11401332	0.00082120039	
Sd.delt_clav_a_l.Y0        	0.11154888	0.11100036	0.00082244355	
Sd.delt_clav_a_l.DT0       	0.34925365	0.34791063	0.00082164725	
Sd.delt_clav_a_l.Y1        	0.0023929224	0.0037024541	0.00082185797	
Sd.delt_scap_p_l.Y0        	0.0049088126	0.0054002906	0.00082019307	
Sd.delt_scap_p_l.DT0       	0.6096262	0.60923061	0.00082297424	
Sd.delt_scap_p_l.Y1        	0.02121049	0.02277689	0.00081967776	
Sd.delt_scap_m_l.Y0        	0.062706971	0.061576881	0.00082194686	
Sd.delt_scap_m_l.DT0       	0.29166455	0.29360279	0.00082272836	
Sd.delt_scap_m_l.Y1        	0.0034342462	0.0035937284	0.00082011629	
Sd.lat_dors_m_l.Y0         	0.039116329	0.040757041	0.00082516824	
Sd.lat_dors_m_l.DT0        	0.3854146	0.38628298	0.00082272313	
Sd.lat_dors_m_l.Y1         	0.0034136973	0.0026758885	0.00082406413	
Sd.lat_dors_i_l.Y0         	0.126858	0.12729902	0.00082209506	
Sd.lat_dors_i_l.DT0        	0.46204662	0.46104751	0.00082425733	
Sd.lat_dors_i_l.Y1         	0.00029234707	0.00060215326	0.00082115641	
Sd.pect_maj_clav_s_l.Y0    	0.049186791	0.047895478	0.00082280569	
Sd.pect_maj_clav_s_l.DT0   	0.31302618	0.31434625	0.00082247065	
Sd.pect_maj_clav_s_l.Y1    	0.020240561	0.019769792	0.00082184036	
Sd.pect_maj_thorax_i_l.Y0  	0.043239895	0.043366999	0.00082328315	
Sd.pect_maj_thorax_i_l.DT0 	0.30796539	0.30801442	0.00082136776	
Sd.pect_maj_thorax_i_l.Y1  	0.02402206	0.022880013	0.00082195996	
Sd.pect_maj_thorax_m_l.Y0  	0.13498037	0.1359838	0.00082212217	
Sd.pect_maj_thorax_m_l.DT0 	0.1877307	0.18852804	0.000823462	
Sd.pect_maj_thorax_m_l.Y1  	0.022791862	0.023048553	0.00082246645	
Sd.teres_maj_l.Y0          	0.12015779	0.12021887	0.00082177011	
Sd.teres_maj_l.DT0         	0.30542486	0.30606091	0.00082292937	
Sd.teres_maj_l.Y1          	0.0011605495	0.0014938332	0.00081969215	
Sd.infraspi_i_l.Y0         	0.081318144	0.081904475	0.00082218858	
Sd.infraspi_i_l.DT0        	0.38587007	0.38541544	0.00082221469	
Sd.infraspi_i_l.Y1         	0.019443109	0.019197519	0.00082068899	
Sd.infraspi_s_l.Y0         	0.14462116	0.14335142	0.00082408842	
Sd.infraspi_s_l.DT0        	0.36378472	0.36390997	0.00082159796	
Sd.infraspi_s_l.Y1         	0.010297739	0.010320568	0.00082131355	
Sd.teres_min_l.Y0          	0.027701213	0.028094174	0.00082151285	
Sd.teres_min_l.DT0         	0.31612527	0.31520592	0.00082319554	
Sd.teres_min_l.Y1          	0.015681065	0.016985205	0.00082248669	
Sd.subscap_s_l.Y0          	0.064427592	0.063777779	0.00082150321	
Sd.subscap_s_l.DT0         	0.19855372	0.19884447	0.00082301302	
Sd.subscap_s_l.Y1          	0.00034584996	0.0002799301	0.00082031963	
Sd.subscap_i_l.Y0          	0.082967751	0.082129224	0.00082343224	
Sd.subscap_i_l.DT0         	0.43871037	0.43932188	0.00082370654	
Sd.subscap_i_l.Y1          	0.0017086701	0.0022176159	0.00082031508	
Sd.supraspi_l.Y0           	0.0848759	0.085641204	0.00082265784	
Sd.supraspi_l.DT0          	0.13917909	0.13979175	0.00082348877	
Sd.supraspi_l.Y1           	0.0030120215	0.0028857029	0.00082129027	
Sd.tri_long_l.Y0           	0.10426761	0.10350975	0.00082163417	
Sd.tri_long_l.DT0          	0.43985438	0.43977934	0.00082219945	
Sd.tri_long_l.Y1           	0.012941986	0.013169651	0.0008215303	
Sd.tri_lat_l.Y0            	0.0043757145	0.003986322	0.00082014444	
Sd.tri_lat_l.DT0           	0.39165322	0.39172819	0.00082265051	
Sd.tri_lat_l.Y1            	0.016301124	0.017342241	0.0008202652	
Sd.coracobrach_l.Y0        	0.036183919	0.034759853	0.00082288134	
Sd.coracobrach_l.DT0       	0.46411781	0.46335637	0.00082209922	
Sd.coracobrach_l.Y1        	0.0026125548	0.0016090784	0.0008211457	
Sd.bic_long_l.Y0           	0.045922053	0.046844888	0.00082044307	
Sd.bic_long_l.DT0          	0.23717248	0.23731666	0.00082309066	
Sd.bic_long_l.Y1           	0.014061651	0.013866425	0.00082092075	
Sd.bic_brev_l.Y0           	0.06597412	0.06602969	0.00082230917	
Sd.bic_brev_l.DT0          	0.61225385	0.61193461	0.0008237835	
Sd.bic_brev_l.Y1           	0.018667846	0.018842943	0.00082064949	
Sd.brach_l.Y0              	0.0059498419	0.006343279	0.00082031317	
Sd.brach_l.DT0             	0.28835939	0.2870958	0.00082249373	
Sd.brach_l.Y1              	0.021302508	0.020378152	0.00082033172	
Sd.brachiorad_l.Y0         	0.056553539	0.055548529	0.00082262135	
Sd.brachiorad_l.DT0        	0.39674441	0.3960374	0.00082200093	
Sd.brachiorad_l.Y1         	0.0027766809	0.0035147202	0.00082034466	
Sd.supinator_l.Y0          	0.053248812	0.053293192	0.00082393787	
Sd.supinator_l.DT0         	0.30931074	0.31015727	0.00082221914	
Sd.supinator_l.Y1          	0.0058163148	0.0066944269	0.00082353368	
Sd.pronator_teres_l.Y0     	0.074178735	0.075533833	0.00082210404	
Sd.pronator_teres_l.DT0    	0.44441251	0.44523903	0.00082155455	
Sd.pronator_teres_l.Y1     	0.016660433	0.016995958	0.00082194079	
Sd.ext_carpi_rad_long_l.Y0 	0.10503731	0.10457371	0.00082246447	
Sd.ext_carpi_rad_long_l.DT0	0.41273193	0.41383877	0.00082254715	
Sd.ext_carpi_rad_long_l.Y1 	0.014732215	0.01511822	0.00082126172	
Sd.ext_carpi_rad_brev_l.Y0 	0.034861014	0.034686523	0.00082151082	
Sd.ext_carpi_rad_brev_l.DT0	0.28786159	0.28867675	0.00082292954	
Sd.ext_carpi_rad_brev_l.Y1 	0.00058289591	0.00079388718	0.00082093509	
Sd.ext_carpi_ulna_l.Y0     	0.13742229	0.13779901	0.00082214504	
Sd.ext_carpi_ulna_l.DT0    	0.42539324	0.42570306	0.00082184559	
Sd.ext_carpi_ulna_l.Y1     	0.0058659325	0.0073129151	0.00081994619	
Sd.flex_carpi_rad_l.Y0     	0.094202634	0.094552225	0.00082148237	
Sd.flex_carpi_rad_l.DT0    	0.34499693	0.34472404	0.00082362233	
Sd.flex_carpi_rad_l.Y1     	0.020964105	0.021735261	0.00082203244	
Sd.flex_carpi_ulna_l.Y0    	0.049724481	0.049694622	0.00082163008	
Sd.flex_carpi_ulna_l.DT0   	0.21212634	0.21196641	0.00082376761	
Sd.flex_carpi_ulna_l.Y1    	0.03857196	0.038554489	0.00082115509	
Sd.long_col_c1thx_r.Y0     	0.072596121	0.070618116	0.0008234302	
Sd.long_col_c1thx_r.DT0    	0.45002438	0.45032556	0.00082242129	
Sd.long_col_c1thx_r.Y1     	0.012122692	0.012217959	0.00082024988	
Sd.long_col_c1thx_l.Y0     	0.19292413	0.19229379	0.0008233009	
Sd.long_col_c1thx_l.DT0    	0.37462315	0.37390491	0.00082238055	
Sd.long_col_c1thx_l.Y1     	0.0041148989	0.004614721	0.00082038773	
